        -0.0520718            0.9978406            0.0010417    0.99948541   0.00104308  -0.00051404  
        -0.0511423            0.9983087            0.0010420    1.00006211   0.00104332   0.00006204  
        -0.0502128            0.9984495            0.0010420    1.00008603   0.00104340   0.00008594  
        -0.0492832            0.9963387            0.0010409    0.99825182   0.00104229  -0.00174582  
        -0.0483537            0.9979982            0.0010418    1.00069697   0.00104316   0.00069549  
        -0.0474242            0.9963760            0.0010410    0.99921321   0.00104231  -0.00078501  
        -0.0464947            0.9971128            0.0010413    1.00045114   0.00104270   0.00044989  
        -0.0365891            0.9979763            0.0010418    0.99973479   0.00104315  -0.00026490  
        -0.0356595            1.0000000            0.0010428    1.00162169   0.00104421   0.00161999  
        -0.0347300            0.9980607            0.0010418    0.99927365   0.00104319  -0.00072589  
        -0.0338005            0.9984202            0.0010420    0.99963875   0.00104338  -0.00036101  
        -0.0328710            0.9987854            0.0010422    1.00060092   0.00104357   0.00060017  
        -0.0319414            0.9990835            0.0010424    1.00037334   0.00104373   0.00037307  
        -0.0310119            0.9995927            0.0010426    1.00115460   0.00104399   0.00115346  
        -0.0300824            0.9982355            0.0010419    0.99985096   0.00104329  -0.00014888  
        -0.0291529            0.9974709            0.0010415    1.00004447   0.00104289   0.00004438  
        -0.0187886            0.9879108            0.0010365    0.98936660   0.00103788   0.00018792  
        -0.0178591            0.9863280            0.0010357    0.98729256   0.00103704  -0.00011630  
        -0.0169296            0.9843242            0.0010346    0.98557920   0.00103599  -0.00089425  
        -0.0160000            0.9838097            0.0010344    0.98502526   0.00103572  -0.00072730  
        -0.0150705            0.9850744            0.0010350    0.98556847   0.00103639   0.00041015  
        -0.0141410            0.9841371            0.0010345    0.98509063   0.00103589   0.00043611  
        -0.0132115            0.9838772            0.0010344    0.98492602   0.00103576   0.00070535  
        -0.0122819            0.9837850            0.0010344    0.98425941   0.00103571   0.00041674  
        -0.0113524            0.9824764            0.0010337    0.98360384   0.00103502   0.00009140  
        -0.0009883            0.9816178            0.0010332    0.98172968   0.00103457  -0.00014330  
        -0.0000587            0.9808967            0.0010328    0.98145112   0.00103419  -0.00041065  
         0.0008708            0.9817307            0.0010333    0.98258258   0.00103462   0.00071196  
         0.0018003            0.9798462            0.0010323    0.98165403   0.00103363  -0.00024450  
         0.0027298            0.9804691            0.0010326    0.98143122   0.00103396  -0.00051499  
         0.0036594            0.9819814            0.0010334    0.98261080   0.00103476   0.00059556  
         0.0045889            0.9807430            0.0010328    0.98142538   0.00103410  -0.00067907  
         0.0055184            0.9816143            0.0010332    0.98239181   0.00103456   0.00017613  
         0.0064479            0.9812019            0.0010330    0.98201797   0.00103435  -0.00033152  
         0.0168090            0.9865640            0.0010358    0.98637749   0.00103717   0.00000582  
         0.0177385            0.9875184            0.0010363    0.98693772   0.00103767  -0.00033111  
         0.0186681            0.9895654            0.0010374    0.98951996   0.00103874   0.00062406  
         0.0195976            0.9917076            0.0010385    0.99195203   0.00103987   0.00072321  
         0.0205271            0.9934764            0.0010394    0.99404488   0.00104080   0.00034996  
         0.0214566            0.9949850            0.0010402    0.99534027   0.00104159  -0.00068862  
         0.0223862            0.9968703            0.0010412    0.99742643   0.00104257  -0.00059381  
         0.0233157            0.9994368            0.0010425    0.99970951   0.00104391   0.00025263  
         0.0242452            0.9989134            0.0010423    0.99946619   0.00104364  -0.00053382  
