        -0.0520718            0.9981692            0.0011084    1.00031873   0.00109646   0.00031838  
        -0.0511423            0.9973298            0.0011079    0.99980342   0.00109600  -0.00019630  
        -0.0502128            0.9967158            0.0011076    0.99938277   0.00109566  -0.00061623  
        -0.0492832            0.9969681            0.0011077    0.99994760   0.00109580  -0.00005230  
        -0.0483537            0.9961810            0.0011073    0.99944954   0.00109537  -0.00054923  
        -0.0474242            0.9964041            0.0011074    0.99988511   0.00109549  -0.00011461  
        -0.0464947            0.9949622            0.0011066    0.99930939   0.00109470  -0.00068833  
        -0.0365891            1.0002394            0.0011095    1.00053160   0.00109760   0.00053200  
        -0.0356595            1.0000000            0.0011094    1.00041868   0.00109746   0.00041895  
        -0.0347300            0.9999510            0.0011094    1.00111711   0.00109744   0.00111697  
        -0.0338005            0.9989060            0.0011088    1.00066235   0.00109686   0.00066188  
        -0.0328710            0.9979520            0.0011082    1.00028935   0.00109634   0.00028897  
        -0.0319414            0.9975911            0.0011080    0.99977983   0.00109614  -0.00021992  
        -0.0310119            0.9976251            0.0011081    1.00004255   0.00109616   0.00004249  
        -0.0300824            0.9973898            0.0011079    0.99992425   0.00109603  -0.00007563  
        -0.0291529            0.9971537            0.0011078    1.00047404   0.00109590   0.00047296  
        -0.0187886            0.9881197            0.0011028    0.98817498   0.00109093  -0.00053997  
        -0.0178591            0.9863312            0.0011018    0.98664063   0.00108994  -0.00038015  
        -0.0169296            0.9840400            0.0011005    0.98466081   0.00108867  -0.00155728  
        -0.0160000            0.9847150            0.0011009    0.98603791   0.00108905   0.00043374  
        -0.0150705            0.9823895            0.0010996    0.98380376   0.00108776  -0.00129542  
        -0.0141410            0.9832142            0.0011000    0.98496063   0.00108822   0.00028771  
        -0.0132115            0.9826380            0.0010997    0.98452781   0.00108790   0.00022266  
        -0.0122819            0.9822937            0.0010995    0.98399003   0.00108771   0.00000520  
        -0.0113524            0.9822765            0.0010995    0.98466367   0.00108770   0.00095787  
        -0.0009883            0.9833537            0.0011001    0.98256177   0.00108829   0.00025604  
        -0.0000587            0.9829762            0.0010999    0.98299177   0.00108808   0.00069584  
         0.0008708            0.9814577            0.0010990    0.98220653   0.00108724  -0.00009756  
         0.0018003            0.9808790            0.0010987    0.98196973   0.00108692  -0.00035868  
         0.0027298            0.9814737            0.0010991    0.98269995   0.00108725   0.00033063  
         0.0036594            0.9816714            0.0010992    0.98297276   0.00108736   0.00054444  
         0.0045889            0.9800966            0.0010983    0.98143646   0.00108649  -0.00106787  
         0.0055184            0.9817441            0.0010992    0.98329774   0.00108740   0.00069761  
         0.0064479            0.9814131            0.0010990    0.98335405   0.00108722   0.00063921  
         0.0168090            0.9877681            0.0011026    0.98646950   0.00109073   0.00034015  
         0.0177385            0.9858452            0.0011015    0.98508829   0.00108967  -0.00181382  
         0.0186681            0.9889378            0.0011032    0.98898981   0.00109138   0.00055498  
         0.0195976            0.9903469            0.0011040    0.99096887   0.00109216   0.00019686  
         0.0205271            0.9932988            0.0011057    0.99368016   0.00109378   0.00038754  
         0.0214566            0.9949287            0.0011066    0.99573928   0.00109468   0.00002073  
         0.0223862            0.9970033            0.0011077    0.99801678   0.00109582   0.00019031  
         0.0233157            0.9982816            0.0011084    0.99936427   0.00109652  -0.00002124  
         0.0242452            0.9976663            0.0011081    0.99904788   0.00109618  -0.00095180  
