        -0.0520718            0.9998536            0.0007513    0.99998474   0.00083103  -0.00001525  
        -0.0511423            0.9994940            0.0007511    0.99962220   0.00083088  -0.00037742  
        -0.0502128            1.0000656            0.0007513    1.00006834   0.00083112   0.00006828  
        -0.0492832            1.0000914            0.0007514    1.00012899   0.00083113   0.00012888  
        -0.0483537            0.9997695            0.0007512    1.00006512   0.00083099   0.00006504  
        -0.0474242            0.9991211            0.0007510    0.99961102   0.00083072  -0.00038845  
        -0.0464947            0.9993246            0.0007511    1.00043518   0.00083081   0.00043431  
        -0.0365891            1.0000879            0.0007514    0.99987840   0.00083113  -0.00012152  
        -0.0356595            1.0000000            0.0007513    0.99982171   0.00083109  -0.00017816  
        -0.0347300            1.0008187            0.0007516    1.00057720   0.00083143   0.00057684  
        -0.0338005            1.0002029            0.0007514    0.99996195   0.00083117  -0.00003803  
        -0.0328710            1.0005701            0.0007515    1.00046696   0.00083133   0.00046660  
        -0.0319414            1.0000472            0.0007513    0.99965196   0.00083111  -0.00034787  
        -0.0310119            1.0005526            0.0007515    1.00017638   0.00083132   0.00017629  
        -0.0300824            1.0006260            0.0007516    1.00030045   0.00083135   0.00030029  
        -0.0291529            0.9990197            0.0007510    0.99927983   0.00083068  -0.00071935  
        -0.0187886            0.9894915            0.0007474    0.98896393   0.00082671  -0.00011369  
        -0.0178591            0.9882906            0.0007469    0.98767210   0.00082621   0.00031555  
        -0.0169296            0.9871919            0.0007465    0.98673083   0.00082575   0.00025100  
        -0.0160000            0.9862831            0.0007462    0.98581869   0.00082537   0.00001572  
        -0.0150705            0.9853719            0.0007458    0.98460619   0.00082499  -0.00063694  
        -0.0141410            0.9849469            0.0007456    0.98423870   0.00082481  -0.00052836  
        -0.0132115            0.9859125            0.0007460    0.98515336   0.00082521   0.00079760  
        -0.0122819            0.9850672            0.0007457    0.98411243   0.00082486   0.00011621  
        -0.0113524            0.9842661            0.0007454    0.98374757   0.00082453   0.00006684  
        -0.0009883            0.9831511            0.0007450    0.98190600   0.00082406  -0.00018895  
        -0.0000587            0.9827981            0.0007448    0.98181976   0.00082391  -0.00026423  
         0.0008708            0.9825471            0.0007447    0.98176192   0.00082381  -0.00033048  
         0.0018003            0.9827379            0.0007448    0.98229262   0.00082389   0.00017228  
         0.0027298            0.9826622            0.0007448    0.98187687   0.00082385  -0.00028991  
         0.0036594            0.9835551            0.0007451    0.98255256   0.00082423   0.00031856  
         0.0045889            0.9831471            0.0007450    0.98205965   0.00082406  -0.00026164  
         0.0055184            0.9834986            0.0007451    0.98242151   0.00082420  -0.00000800  
         0.0064479            0.9837505            0.0007452    0.98284716   0.00082431   0.00028738  
         0.0168090            0.9884331            0.0007470    0.98681511   0.00082627   0.00043183  
         0.0177385            0.9884955            0.0007470    0.98686024   0.00082630  -0.00036465  
         0.0186681            0.9906929            0.0007478    0.98933803   0.00082721   0.00053954  
         0.0195976            0.9922411            0.0007484    0.99104239   0.00082786  -0.00007513  
         0.0205271            0.9945111            0.0007493    0.99334954   0.00082881  -0.00024052  
         0.0214566            0.9976040            0.0007504    0.99627892   0.00083009   0.00033356  
         0.0223862            0.9993744            0.0007511    0.99800276   0.00083083   0.00003337  
         0.0233157            1.0008642            0.0007516    0.99935252   0.00083145  -0.00008934  
         0.0242452            1.0009938            0.0007517    0.99968697   0.00083150  -0.00031316  
