        -0.0520718            0.9981729            0.0017101    0.99832032   0.00189249  -0.00167696  
        -0.0511423            0.9984651            0.0017103    0.99926152   0.00189277  -0.00073680  
        -0.0502128            0.9986796            0.0017105    1.00029259   0.00189297   0.00029168  
        -0.0492832            0.9989546            0.0017108    1.00195857   0.00189323   0.00194981  
        -0.0483537            0.9905575            0.0017035    0.99434323   0.00188526  -0.00562692  
        -0.0474242            0.9983962            0.0017103    1.00219883   0.00189270   0.00218725  
        -0.0464947            0.9952427            0.0017076    0.99915511   0.00188971  -0.00084034  
        -0.0365891            1.0003586            0.0017120    1.00084823   0.00189456   0.00084656  
        -0.0356595            1.0000000            0.0017116    0.99859311   0.00189422  -0.00140679  
        -0.0347300            1.0027743            0.0017140    1.00175451   0.00189685   0.00175371  
        -0.0338005            1.0008380            0.0017124    1.00048618   0.00189502   0.00048564  
        -0.0328710            0.9993384            0.0017111    1.00002655   0.00189360   0.00002649  
        -0.0319414            0.9988533            0.0017107    0.99968189   0.00189314  -0.00031738  
        -0.0310119            1.0003881            0.0017120    1.00199418   0.00189459   0.00198805  
        -0.0300824            0.9991274            0.0017109    1.00101456   0.00189340   0.00101115  
        -0.0291529            0.9981864            0.0017101    1.00070488   0.00189251   0.00070207  
        -0.0187886            0.9885143            0.0017018    0.98903377   0.00188331   0.00121321  
        -0.0178591            0.9875759            0.0017010    0.98621610   0.00188242   0.00019483  
        -0.0169296            0.9877522            0.0017011    0.98571761   0.00188259   0.00045056  
        -0.0160000            0.9863161            0.0016999    0.98506495   0.00188122   0.00036527  
        -0.0150705            0.9842976            0.0016982    0.98352689   0.00187929  -0.00070768  
        -0.0141410            0.9834891            0.0016975    0.98355887   0.00187852  -0.00028275  
        -0.0132115            0.9831176            0.0016971    0.98381365   0.00187817   0.00030959  
        -0.0122819            0.9823760            0.0016965    0.98283801   0.00187746  -0.00036960  
        -0.0113524            0.9822925            0.0016964    0.98323743   0.00187738   0.00028602  
        -0.0009883            0.9814051            0.0016957    0.98055745   0.00187653  -0.00110263  
        -0.0000587            0.9832364            0.0016972    0.98165980   0.00187828   0.00000758  
         0.0008708            0.9828899            0.0016969    0.98153235   0.00187795  -0.00012648  
         0.0018003            0.9834148            0.0016974    0.98216955   0.00187845   0.00048901  
         0.0027298            0.9820133            0.0016962    0.98121400   0.00187711  -0.00050375  
         0.0036594            0.9828387            0.0016969    0.98249718   0.00187790   0.00072232  
         0.0045889            0.9819180            0.0016961    0.98184937   0.00187702   0.00000608  
         0.0055184            0.9824160            0.0016965    0.98257967   0.00187750   0.00064635  
         0.0064479            0.9816966            0.0016959    0.98175807   0.00187681  -0.00027796  
         0.0168090            0.9867839            0.0017003    0.98502024   0.00188167  -0.00016647  
         0.0177385            0.9883391            0.0017016    0.98542248   0.00188315  -0.00048385  
         0.0186681            0.9897085            0.0017028    0.98702133   0.00188445  -0.00050719  
         0.0195976            0.9926074            0.0017053    0.99085512   0.00188721   0.00089232  
         0.0205271            0.9943499            0.0017068    0.99203354   0.00188887  -0.00057382  
         0.0214566            0.9967548            0.0017089    0.99554109   0.00189115   0.00036401  
         0.0223862            0.9979194            0.0017099    0.99715498   0.00189225  -0.00029568  
         0.0233157            0.9988453            0.0017107    0.99814482   0.00189313  -0.00104502  
         0.0242452            1.0011482            0.0017126    0.99992340   0.00189531  -0.00007658  
