        -0.0520718            0.9987341            0.0009592    0.99973834   0.00098972  -0.00026132  
        -0.0511423            0.9982691            0.0009589    0.99954682   0.00098949  -0.00045247  
        -0.0502128            0.9978281            0.0009587    0.99914724   0.00098927  -0.00085140  
        -0.0492832            0.9987972            0.0009592    1.00020602   0.00098975   0.00020567  
        -0.0483537            0.9974796            0.0009586    0.99928775   0.00098909  -0.00071076  
        -0.0474242            0.9981264            0.0009589    0.99999669   0.00098941  -0.00000330  
        -0.0464947            0.9974425            0.0009586    0.99989918   0.00098908  -0.00010055  
        -0.0365891            0.9999549            0.0009598    1.00028305   0.00099032   0.00028287  
        -0.0356595            1.0000000            0.0009598    1.00014577   0.00099034   0.00014571  
        -0.0347300            1.0004158            0.0009600    1.00058341   0.00099055   0.00058315  
        -0.0338005            1.0002481            0.0009599    1.00077058   0.00099047   0.00076996  
        -0.0328710            0.9997814            0.0009597    1.00100992   0.00099023   0.00100840  
        -0.0319414            0.9996631            0.0009596    1.00062402   0.00099018   0.00062325  
        -0.0310119            0.9991380            0.0009594    1.00029551   0.00098992   0.00029508  
        -0.0300824            0.9984611            0.0009590    0.99957679   0.00098958  -0.00042262  
        -0.0291529            0.9975972            0.0009586    0.99943939   0.00098915  -0.00055942  
        -0.0187886            0.9892672            0.0009546    0.98928730   0.00098501   0.00057243  
        -0.0178591            0.9877689            0.0009539    0.98747567   0.00098427   0.00043660  
        -0.0169296            0.9856347            0.0009529    0.98564769   0.00098320  -0.00060129  
        -0.0160000            0.9841479            0.0009521    0.98452684   0.00098246  -0.00111726  
        -0.0150705            0.9846597            0.0009524    0.98473411   0.00098272  -0.00041373  
        -0.0141410            0.9842042            0.0009522    0.98475911   0.00098249   0.00003164  
        -0.0132115            0.9838950            0.0009520    0.98454088   0.00098234   0.00017529  
        -0.0122819            0.9840919            0.0009521    0.98427404   0.00098243   0.00022358  
        -0.0113524            0.9838582            0.0009520    0.98460978   0.00098232   0.00083428  
        -0.0009883            0.9826098            0.0009514    0.98170375   0.00098169  -0.00069826  
        -0.0000587            0.9829046            0.0009515    0.98220625   0.00098184  -0.00018602  
         0.0008708            0.9827667            0.0009515    0.98239704   0.00098177  -0.00000241  
         0.0018003            0.9823744            0.0009513    0.98274548   0.00098158   0.00032191  
         0.0027298            0.9827598            0.0009515    0.98279999   0.00098177   0.00033652  
         0.0036594            0.9821936            0.0009512    0.98217758   0.00098149  -0.00034349  
         0.0045889            0.9832027            0.0009517    0.98330762   0.00098199   0.00071115  
         0.0055184            0.9820524            0.0009511    0.98232039   0.00098142  -0.00036889  
         0.0064479            0.9828267            0.0009515    0.98329289   0.00098180   0.00049068  
         0.0168090            0.9870888            0.0009536    0.98600368   0.00098393  -0.00015958  
         0.0177385            0.9886057            0.0009543    0.98706406   0.00098468   0.00014463  
         0.0186681            0.9890653            0.0009545    0.98798013   0.00098491  -0.00045726  
         0.0195976            0.9918667            0.0009559    0.99102083   0.00098631   0.00025468  
         0.0205271            0.9933936            0.0009566    0.99282375   0.00098707  -0.00046110  
         0.0214566            0.9963495            0.0009580    0.99590033   0.00098853   0.00018911  
         0.0223862            0.9982840            0.0009590    0.99815069   0.00098949   0.00032835  
         0.0233157            0.9987493            0.0009592    0.99852139   0.00098972  -0.00086407  
         0.0242452            0.9998706            0.0009597    1.00008126   0.00099028   0.00008122  
