        -0.0520718            1.0012830            0.0012369    1.00083598   0.00135834   0.00083483  
        -0.0511423            1.0007617            0.0012365    1.00044302   0.00135799   0.00044235  
        -0.0502128            1.0002187            0.0012362    0.99991535   0.00135762  -0.00008452  
        -0.0492832            0.9996919            0.0012359    0.99984543   0.00135726  -0.00015427  
        -0.0483537            0.9992053            0.0012356    1.00025924   0.00135693   0.00025850  
        -0.0474242            0.9982803            0.0012350    0.99905184   0.00135630  -0.00094570  
        -0.0464947            1.0005318            0.0012364    1.00010290   0.00135783   0.00010276  
        -0.0365891            1.0017431            0.0012371    1.00064386   0.00135865   0.00064339  
        -0.0356595            1.0000000            0.0012361    0.99964864   0.00135747  -0.00035084  
        -0.0347300            1.0008593            0.0012366    1.00005064   0.00135805   0.00005059  
        -0.0338005            0.9993316            0.0012356    0.99840938   0.00135701  -0.00158918  
        -0.0328710            0.9988630            0.0012354    0.99852550   0.00135670  -0.00147230  
        -0.0319414            1.0008594            0.0012366    1.00027127   0.00135805   0.00027094  
        -0.0310119            1.0006671            0.0012365    1.00054713   0.00135792   0.00054620  
        -0.0300824            0.9997600            0.0012359    0.99965811   0.00135731  -0.00034130  
        -0.0291529            1.0012295            0.0012368    1.00117874   0.00135830   0.00117665  
        -0.0187886            0.9908273            0.0012304    0.98910952   0.00135123   0.00036566  
        -0.0178591            0.9879872            0.0012286    0.98665249   0.00134929  -0.00035706  
        -0.0169296            0.9866208            0.0012278    0.98588749   0.00134836  -0.00028207  
        -0.0160000            0.9872301            0.0012281    0.98628387   0.00134877   0.00075613  
        -0.0150705            0.9871278            0.0012281    0.98548657   0.00134870   0.00048929  
        -0.0141410            0.9858882            0.0012273    0.98487632   0.00134786   0.00032878  
        -0.0132115            0.9849970            0.0012268    0.98430164   0.00134725   0.00014279  
        -0.0122819            0.9851312            0.0012268    0.98393749   0.00134734   0.00011772  
        -0.0113524            0.9844682            0.0012264    0.98314366   0.00134689  -0.00037813  
        -0.0009883            0.9855201            0.0012271    0.98227292   0.00134760   0.00024830  
        -0.0000587            0.9836991            0.0012259    0.98173013   0.00134636  -0.00028459  
         0.0008708            0.9832587            0.0012257    0.98173625   0.00134606  -0.00028634  
         0.0018003            0.9820870            0.0012249    0.98168174   0.00134526  -0.00036667  
         0.0027298            0.9837555            0.0012260    0.98248438   0.00134640   0.00039119  
         0.0036594            0.9828068            0.0012254    0.98137328   0.00134575  -0.00078285  
         0.0045889            0.9835012            0.0012258    0.98239478   0.00134622   0.00015585  
         0.0055184            0.9843260            0.0012263    0.98333081   0.00134679   0.00098890  
         0.0064479            0.9830264            0.0012255    0.98144978   0.00134590  -0.00101409  
         0.0168090            0.9890653            0.0012293    0.98525765   0.00135003  -0.00082255  
         0.0177385            0.9904883            0.0012302    0.98725357   0.00135100   0.00037168  
         0.0186681            0.9910101            0.0012305    0.98851870   0.00135135   0.00005665  
         0.0195976            0.9937846            0.0012322    0.99154094   0.00135324   0.00073014  
         0.0205271            0.9957146            0.0012334    0.99412413   0.00135456   0.00079359  
         0.0214566            0.9970640            0.0012342    0.99526159   0.00135547  -0.00048445  
         0.0223862            0.9987679            0.0012353    0.99738843   0.00135663  -0.00045063  
         0.0233157            1.0008873            0.0012366    0.99929641   0.00135807  -0.00008765  
         0.0242452            1.0020546            0.0012373    1.00028859   0.00135886   0.00028857  
