        -0.0520718            0.9982824            0.0018662    0.99872821   0.00203095  -0.00126945  
        -0.0511423            0.9984486            0.0018663    0.99925401   0.00203112  -0.00074435  
        -0.0502128            0.9991588            0.0018670    1.00017133   0.00203184   0.00017092  
        -0.0492832            0.9994502            0.0018673    1.00066498   0.00203214   0.00066325  
        -0.0483537            0.9967921            0.0018648    0.99838630   0.00202944  -0.00160887  
        -0.0474242            0.9994669            0.0018673    1.00067135   0.00203216   0.00066960  
        -0.0464947            0.9988766            0.0018667    0.99954209   0.00203156  -0.00045697  
        -0.0365891            1.0012951            0.0018690    1.00082015   0.00203401   0.00081939  
        -0.0356595            1.0000000            0.0018678    0.99927088   0.00203270  -0.00072863  
        -0.0347300            1.0007913            0.0018685    1.00007652   0.00203350   0.00007647  
        -0.0338005            0.9999351            0.0018677    0.99966712   0.00203263  -0.00033250  
        -0.0328710            0.9999717            0.0018678    1.00064499   0.00203267   0.00064365  
        -0.0319414            0.9989112            0.0018668    0.99946901   0.00203159  -0.00052995  
        -0.0310119            1.0003877            0.0018682    1.00129642   0.00203309   0.00129344  
        -0.0300824            1.0004337            0.0018682    1.00113569   0.00203314   0.00113331  
        -0.0291529            0.9988551            0.0018667    0.99967445   0.00203153  -0.00032483  
        -0.0187886            0.9893053            0.0018578    0.98837242   0.00202180   0.00042533  
        -0.0178591            0.9896325            0.0018581    0.98839584   0.00202213   0.00222817  
        -0.0169296            0.9865549            0.0018552    0.98554924   0.00201899   0.00014034  
        -0.0160000            0.9863766            0.0018550    0.98584239   0.00201881   0.00099262  
        -0.0150705            0.9859361            0.0018546    0.98516077   0.00201835   0.00076220  
        -0.0141410            0.9841700            0.0018529    0.98412941   0.00201655   0.00010723  
        -0.0132115            0.9828918            0.0018517    0.98310013   0.00201524  -0.00060090  
        -0.0122819            0.9828328            0.0018517    0.98242151   0.00201518  -0.00100455  
        -0.0113524            0.9839675            0.0018528    0.98363014   0.00201634   0.00044151  
        -0.0009883            0.9827130            0.0018516    0.98067527   0.00201505  -0.00135349  
        -0.0000587            0.9834266            0.0018522    0.98164776   0.00201578  -0.00037250  
         0.0008708            0.9827821            0.0018516    0.98128441   0.00201512  -0.00074179  
         0.0018003            0.9821149            0.0018510    0.98132480   0.00201444  -0.00072055  
         0.0027298            0.9826035            0.0018515    0.98155571   0.00201494  -0.00052322  
         0.0036594            0.9831576            0.0018520    0.98224481   0.00201551   0.00011794  
         0.0045889            0.9818413            0.0018508    0.98124561   0.00201416  -0.00094294  
         0.0055184            0.9832862            0.0018521    0.98288565   0.00201564   0.00061797  
         0.0064479            0.9841415            0.0018529    0.98351747   0.00201652   0.00115563  
         0.0168090            0.9879119            0.0018565    0.98558775   0.00202038   0.00025972  
         0.0177385            0.9881987            0.0018567    0.98541268   0.00202067  -0.00063780  
         0.0186681            0.9899768            0.0018584    0.98760239   0.00202249  -0.00005476  
         0.0195976            0.9931749            0.0018614    0.99093175   0.00202575   0.00084500  
         0.0205271            0.9946753            0.0018628    0.99271117   0.00202728  -0.00001396  
         0.0214566            0.9980632            0.0018660    0.99646562   0.00203073   0.00117924  
         0.0223862            0.9984507            0.0018663    0.99743996   0.00203112  -0.00010202  
         0.0233157            0.9991555            0.0018670    0.99809461   0.00203184  -0.00115530  
         0.0242452            1.0004173            0.0018682    0.99950582   0.00203312  -0.00049394  
