        -0.0520718            0.9997148            0.0010397    0.99976595   0.00138126  -0.00023345  
        -0.0511423            1.0003898            0.0010400    0.99999061   0.00138173  -0.00000937  
        -0.0502128            1.0017692            0.0010408    1.00085686   0.00138268   0.00085548  
        -0.0492832            1.0005716            0.0010401    0.99956923   0.00138185  -0.00043011  
        -0.0483537            1.0001126            0.0010399    0.99948623   0.00138153  -0.00051280  
        -0.0474242            0.9995714            0.0010396    0.99974536   0.00138116  -0.00025396  
        -0.0464947            0.9985049            0.0010391    1.00022086   0.00138042   0.00021993  
        -0.0365891            1.0009735            0.0010404    0.99949553   0.00138213  -0.00050394  
        -0.0356595            1.0000000            0.0010398    0.99946877   0.00138146  -0.00053017  
        -0.0347300            1.0002239            0.0010400    0.99970131   0.00138161  -0.00029809  
        -0.0338005            1.0007682            0.0010402    0.99982611   0.00138199  -0.00017362  
        -0.0328710            1.0022136            0.0010410    1.00076690   0.00138299   0.00076607  
        -0.0319414            1.0013551            0.0010405    0.99935057   0.00138239  -0.00064909  
        -0.0310119            1.0022712            0.0010410    1.00016462   0.00138302   0.00016455  
        -0.0300824            1.0027975            0.0010413    1.00109636   0.00138339   0.00109545  
        -0.0291529            1.0002017            0.0010399    0.99969446   0.00138160  -0.00030492  
        -0.0187886            0.9923725            0.0010359    0.98982857   0.00137618   0.00080411  
        -0.0178591            0.9899789            0.0010346    0.98832310   0.00137452   0.00120074  
        -0.0169296            0.9881785            0.0010337    0.98682808   0.00137327   0.00073891  
        -0.0160000            0.9861367            0.0010326    0.98437952   0.00137185  -0.00091763  
        -0.0150705            0.9871635            0.0010331    0.98477918   0.00137256   0.00013070  
        -0.0141410            0.9856027            0.0010323    0.98278646   0.00137148  -0.00131300  
        -0.0132115            0.9885271            0.0010339    0.98551654   0.00137351   0.00189133  
        -0.0122819            0.9860855            0.0010326    0.98327902   0.00137181   0.00006301  
        -0.0113524            0.9850849            0.0010321    0.98325035   0.00137112   0.00039320  
        -0.0009883            0.9837989            0.0010314    0.97988194   0.00137022  -0.00119522  
        -0.0000587            0.9827228            0.0010308    0.98008156   0.00136947  -0.00098192  
         0.0008708            0.9828805            0.0010309    0.98063695   0.00136958  -0.00043564  
         0.0018003            0.9838861            0.0010314    0.98166959   0.00137028   0.00056596  
         0.0027298            0.9834687            0.0010312    0.98057813   0.00136999  -0.00057754  
         0.0036594            0.9845551            0.0010318    0.98106808   0.00137075  -0.00016196  
         0.0045889            0.9847227            0.0010319    0.98094010   0.00137086  -0.00038749  
         0.0055184            0.9853945            0.0010322    0.98172230   0.00137133   0.00027478  
         0.0064479            0.9842743            0.0010316    0.98130554   0.00137055  -0.00028787  
         0.0168090            0.9918435            0.0010356    0.98662404   0.00137581   0.00065001  
         0.0177385            0.9916603            0.0010355    0.98774842   0.00137568   0.00078445  
         0.0186681            0.9916140            0.0010355    0.98825077   0.00137565  -0.00048091  
         0.0195976            0.9953008            0.0010374    0.99197168   0.00137821   0.00084157  
         0.0205271            0.9976278            0.0010386    0.99394088   0.00137982   0.00030744  
         0.0214566            1.0005780            0.0010401    0.99624294   0.00138186   0.00025721  
         0.0223862            1.0022724            0.0010410    0.99754616   0.00138303  -0.00043876  
         0.0233157            1.0038011            0.0010418    0.99904652   0.00138408  -0.00037841  
         0.0242452            1.0036567            0.0010417    0.99947166   0.00138398  -0.00052921  
