         0.3400000            0.0500000    0.01551303   0.00038573  
#         0.3150000            0.0250000    0.01546317   0.00082925  
#         0.3650000            0.0250000    0.01553220   0.00043617  
         0.4050000            0.0150000    0.01467897   0.00038522  
         0.4275000            0.0075000    0.01551489   0.00040017  
         0.4425000            0.0075000    0.01496182   0.00034802  
         0.4625000            0.0125000    0.01489676   0.00027190  
         0.4796000            0.0046000    0.01509130   0.00047091  
         0.4861000            0.0020000    0.01554331   0.00071587  
         0.4941000            0.0060000    0.01498421   0.00037225  
         0.5050500            0.0049500    0.01541079   0.00042460  
         0.5175000            0.0075000    0.01492382   0.00034480  
         0.5325000            0.0075000    0.01524851   0.00037044  
         0.5450000            0.0050000    0.01499468   0.00042966  
         0.5550000            0.0050000    0.01532471   0.00046354  
         0.5650000            0.0050000    0.01586319   0.00066453  
