        -0.0520718            1.0000705            0.0009120    0.99984066   0.00106625  -0.00015903  
        -0.0511423            0.9994166            0.0009117    0.99942333   0.00106591  -0.00057542  
        -0.0502128            0.9999891            0.0009120    1.00002042   0.00106621   0.00002037  
        -0.0492832            0.9990862            0.0009116    0.99903860   0.00106573  -0.00095937  
        -0.0483537            0.9993131            0.0009117    0.99904576   0.00106585  -0.00095244  
        -0.0474242            0.9980626            0.0009111    1.00119604   0.00106518   0.00118973  
        -0.0464947            0.9854795            0.0009054    0.99618443   0.00105845  -0.00376642  
        -0.0365891            1.0014400            0.0009127    1.00098556   0.00106698   0.00098388  
        -0.0356595            1.0000000            0.0009120    0.99911455   0.00106622  -0.00088432  
        -0.0347300            1.0005612            0.0009123    1.00040100   0.00106652   0.00040020  
        -0.0338005            1.0011831            0.0009125    1.00107420   0.00106685   0.00107199  
        -0.0328710            1.0013620            0.0009126    0.99970620   0.00106694  -0.00029365  
        -0.0319414            1.0023363            0.0009131    1.00116969   0.00106746   0.00116852  
        -0.0310119            1.0023518            0.0009131    1.00046867   0.00106747   0.00046854  
        -0.0300824            1.0015100            0.0009127    1.00124148   0.00106702   0.00123914  
        -0.0291529            1.0002997            0.0009121    1.00344490   0.00106638   0.00342669  
        -0.0187886            0.9905547            0.0009077    0.98937152   0.00106117  -0.00028343  
        -0.0178591            0.9889038            0.0009069    0.98686943   0.00106028  -0.00103432  
        -0.0169296            0.9878119            0.0009064    0.98594898   0.00105970  -0.00097259  
        -0.0160000            0.9868386            0.0009060    0.98490923   0.00105918  -0.00124766  
        -0.0150705            0.9875260            0.0009063    0.98712153   0.00105955   0.00159502  
        -0.0141410            0.9865107            0.0009058    0.98456624   0.00105900  -0.00041895  
        -0.0132115            0.9851692            0.0009052    0.98270183   0.00105828  -0.00181934  
        -0.0122819            0.9840445            0.0009047    0.98392005   0.00105768  -0.00019449  
        -0.0113524            0.9840814            0.0009047    0.98686737   0.00105770   0.00309211  
        -0.0009883            0.9836348            0.0009045    0.98306378   0.00105746   0.00107499  
        -0.0000587            0.9830573            0.0009042    0.98016628   0.00105715  -0.00181011  
         0.0008708            0.9874162            0.0009063    0.98447676   0.00105949   0.00249444  
         0.0018003            0.9870546            0.0009061    0.98381964   0.00105929   0.00180635  
         0.0027298            0.9831822            0.0009043    0.98149822   0.00105721  -0.00056847  
         0.0036594            0.9842786            0.0009048    0.98254959   0.00105780   0.00040769  
         0.0045889            0.9834532            0.0009044    0.98089408   0.00105736  -0.00134516  
         0.0055184            0.9836068            0.0009045    0.98102147   0.00105744  -0.00133831  
         0.0064479            0.9821491            0.0009038    0.98262379   0.00105666   0.00011909  
         0.0168090            0.9889445            0.0009070    0.98698338   0.00106031   0.00017017  
         0.0177385            0.9898923            0.0009074    0.98698230   0.00106081  -0.00077565  
         0.0186681            0.9919185            0.0009083    0.98847953   0.00106190  -0.00089893  
         0.0195976            0.9945142            0.0009095    0.99234785   0.00106329   0.00068279  
         0.0205271            0.9969779            0.0009106    0.99524961   0.00106460   0.00118636  
         0.0214566            0.9988256            0.0009115    0.99651196   0.00106559   0.00020251  
         0.0223862            1.0011093            0.0009125    0.99718890   0.00106681  -0.00101445  
         0.0233157            1.0021554            0.0009130    0.99864788   0.00106736  -0.00088824  
         0.0242452            1.0013802            0.0009126    0.99947938   0.00106695  -0.00052049  
