        -0.0520718            0.9981887            0.0011874    0.99967738   0.00126014  -0.00032209  
        -0.0511423            0.9982904            0.0011875    0.99998340   0.00126020  -0.00001657  
        -0.0502128            0.9983074            0.0011875    1.00020959   0.00126021   0.00020915  
        -0.0492832            0.9979870            0.0011873    1.00034975   0.00126001   0.00034887  
        -0.0483537            0.9964997            0.0011864    0.99920416   0.00125907  -0.00079356  
        -0.0474242            0.9964614            0.0011864    0.99960108   0.00125905  -0.00039760  
        -0.0464947            0.9959504            0.0011861    0.99987055   0.00125872  -0.00012892  
        -0.0365891            0.9998029            0.0011884    1.00006087   0.00126116   0.00006084  
        -0.0356595            1.0000000            0.0011885    1.00039888   0.00126128   0.00039866  
        -0.0347300            0.9987781            0.0011878    0.99960161   0.00126051  -0.00039800  
        -0.0338005            0.9993213            0.0011881    1.00036313   0.00126085   0.00036269  
        -0.0328710            0.9977879            0.0011872    0.99893638   0.00125988  -0.00106223  
        -0.0319414            0.9992464            0.0011881    1.00045404   0.00126080   0.00045342  
        -0.0310119            0.9997930            0.0011884    1.00120705   0.00126115   0.00120515  
        -0.0300824            0.9981154            0.0011874    0.99987417   0.00126009  -0.00012559  
        -0.0291529            0.9980201            0.0011873    1.00039216   0.00126003   0.00039117  
        -0.0187886            0.9890704            0.0011820    0.98878840   0.00125437   0.00030168  
        -0.0178591            0.9875617            0.0011811    0.98739742   0.00125341   0.00067152  
        -0.0169296            0.9854784            0.0011799    0.98547808   0.00125209  -0.00042205  
        -0.0160000            0.9848325            0.0011795    0.98507720   0.00125168  -0.00019312  
        -0.0150705            0.9841062            0.0011790    0.98459098   0.00125122  -0.00016080  
        -0.0141410            0.9835822            0.0011787    0.98413765   0.00125088  -0.00017396  
        -0.0132115            0.9831127            0.0011784    0.98383358   0.00125058  -0.00009786  
        -0.0122819            0.9825630            0.0011781    0.98352495   0.00125023  -0.00007516  
        -0.0113524            0.9824646            0.0011781    0.98392670   0.00125017   0.00061671  
        -0.0009883            0.9826609            0.0011782    0.98150358   0.00125030  -0.00034109  
        -0.0000587            0.9820778            0.0011778    0.98134765   0.00124993  -0.00048688  
         0.0008708            0.9821424            0.0011779    0.98184932   0.00124997   0.00000727  
         0.0018003            0.9825342            0.0011781    0.98239958   0.00125022   0.00053185  
         0.0027298            0.9813995            0.0011774    0.98148581   0.00124949  -0.00042500  
         0.0036594            0.9822097            0.0011779    0.98237525   0.00125001   0.00040222  
         0.0045889            0.9821915            0.0011779    0.98236776   0.00125000   0.00031407  
         0.0055184            0.9812634            0.0011773    0.98155619   0.00124941  -0.00059723  
         0.0064479            0.9818935            0.0011777    0.98250134   0.00124981   0.00022716  
         0.0168090            0.9878518            0.0011813    0.98575294   0.00125360  -0.00005780  
         0.0177385            0.9880076            0.0011814    0.98641681   0.00125369  -0.00018380  
         0.0186681            0.9895468            0.0011823    0.98840999   0.00125467   0.00020843  
         0.0195976            0.9916879            0.0011836    0.99112020   0.00125603   0.00054146  
         0.0205271            0.9936702            0.0011848    0.99301519   0.00125728  -0.00011858  
         0.0214566            0.9955597            0.0011859    0.99509765   0.00125848  -0.00049460  
         0.0223862            0.9991010            0.0011880    0.99859925   0.00126071   0.00086547  
         0.0233157            0.9989781            0.0011879    0.99857258   0.00126063  -0.00075969  
         0.0242452            1.0000900            0.0011886    0.99972377   0.00126134  -0.00027629  
