        -0.0520718            0.9991102            0.0010827    0.99845350   0.00119947  -0.00154426  
        -0.0511423            1.0005949            0.0010835    0.99989680   0.00120036  -0.00010305  
        -0.0502128            1.0002364            0.0010833    0.99967038   0.00120015  -0.00032911  
        -0.0492832            1.0000507            0.0010832    1.00007714   0.00120003   0.00007698  
        -0.0483537            0.9984902            0.0010824    0.99919556   0.00119910  -0.00080218  
        -0.0474242            0.9992045            0.0010828    1.00024235   0.00119953   0.00024159  
        -0.0464947            1.0000844            0.0010832    1.00065851   0.00120005   0.00065675  
        -0.0365891            1.0017231            0.0010841    1.00086800   0.00120104   0.00086691  
        -0.0356595            1.0000000            0.0010832    0.99970407   0.00120000  -0.00029540  
        -0.0347300            1.0014356            0.0010840    1.00079202   0.00120086   0.00079086  
        -0.0338005            1.0019593            0.0010842    1.00093412   0.00120118   0.00093311  
        -0.0328710            1.0011267            0.0010838    0.99991717   0.00120068  -0.00008275  
        -0.0319414            1.0010107            0.0010837    1.00000146   0.00120061   0.00000146  
        -0.0310119            1.0010910            0.0010838    1.00047258   0.00120066   0.00047188  
        -0.0300824            1.0002858            0.0010833    1.00016017   0.00120018   0.00015986  
        -0.0291529            0.9991815            0.0010827    0.99912974   0.00119951  -0.00086847  
        -0.0187886            0.9898809            0.0010777    0.98832889   0.00119392  -0.00067428  
        -0.0178591            0.9885074            0.0010769    0.98727148   0.00119309   0.00015250  
        -0.0169296            0.9867789            0.0010760    0.98569465   0.00119204  -0.00040848  
        -0.0160000            0.9875971            0.0010764    0.98602722   0.00119254   0.00070597  
        -0.0150705            0.9862389            0.0010757    0.98459265   0.00119172  -0.00008213  
        -0.0141410            0.9858792            0.0010755    0.98433406   0.00119150   0.00020777  
        -0.0132115            0.9870480            0.0010761    0.98585379   0.00119221   0.00219913  
        -0.0122819            0.9837142            0.0010743    0.98297857   0.00119019  -0.00026204  
        -0.0113524            0.9830694            0.0010740    0.98231665   0.00118980  -0.00056240  
        -0.0009883            0.9832420            0.0010741    0.98079080   0.00118991  -0.00028902  
        -0.0000587            0.9833902            0.0010741    0.98150592   0.00119000   0.00043840  
         0.0008708            0.9832038            0.0010740    0.98137787   0.00118988   0.00030084  
         0.0018003            0.9826829            0.0010738    0.98109905   0.00118957  -0.00000911  
         0.0027298            0.9823565            0.0010736    0.98056136   0.00118937  -0.00059930  
         0.0036594            0.9815144            0.0010731    0.97975106   0.00118886  -0.00148477  
         0.0045889            0.9826870            0.0010738    0.98117787   0.00118957  -0.00015682  
         0.0055184            0.9826393            0.0010737    0.98130393   0.00118954  -0.00015305  
         0.0064479            0.9837818            0.0010744    0.98233261   0.00119023   0.00072785  
         0.0168090            0.9896359            0.0010776    0.98624051   0.00119377   0.00024840  
         0.0177385            0.9889368            0.0010772    0.98624032   0.00119335  -0.00072607  
         0.0186681            0.9915166            0.0010786    0.98896051   0.00119490   0.00024875  
         0.0195976            0.9935220            0.0010797    0.99116844   0.00119611   0.00006639  
         0.0205271            0.9956131            0.0010808    0.99358240   0.00119737  -0.00001877  
         0.0214566            0.9986093            0.0010824    0.99639043   0.00119917   0.00043570  
         0.0223862            0.9998522            0.0010831    0.99771336   0.00119992  -0.00024597  
         0.0233157            1.0018872            0.0010842    0.99990760   0.00120114   0.00049555  
         0.0242452            1.0014527            0.0010840    0.99928960   0.00120088  -0.00071044  
