        -0.0520718            0.9989191            0.0012466    1.00046054   0.00138036   0.00045967  
        -0.0511423            0.9985200            0.0012464    1.00005717   0.00138009   0.00005706  
        -0.0502128            0.9986859            0.0012465    1.00027890   0.00138020   0.00027836  
        -0.0492832            0.9972867            0.0012456    0.99896517   0.00137923  -0.00103273  
        -0.0483537            0.9982049            0.0012462    0.99993319   0.00137987  -0.00006667  
        -0.0474242            0.9973125            0.0012456    0.99945535   0.00137925  -0.00054329  
        -0.0464947            0.9974227            0.0012457    0.99993123   0.00137933  -0.00006858  
        -0.0365891            1.0002570            0.0012475    0.99946899   0.00138129  -0.00053124  
        -0.0356595            1.0000000            0.0012473    1.00035442   0.00138111   0.00035417  
        -0.0347300            0.9998359            0.0012472    1.00075008   0.00138100   0.00074913  
        -0.0338005            0.9988031            0.0012466    0.99978339   0.00138028  -0.00021632  
        -0.0328710            0.9990313            0.0012467    0.99974173   0.00138044  -0.00025800  
        -0.0319414            0.9982290            0.0012462    0.99915616   0.00137989  -0.00084277  
        -0.0310119            0.9995150            0.0012470    1.00050833   0.00138077   0.00050765  
        -0.0300824            0.9988638            0.0012466    1.00020537   0.00138032   0.00020502  
        -0.0291529            0.9994267            0.0012469    1.00092389   0.00138071   0.00092219  
        -0.0187886            0.9904554            0.0012413    0.98879575   0.00137450   0.00056347  
        -0.0178591            0.9860836            0.0012386    0.98570426   0.00137147  -0.00083897  
        -0.0169296            0.9853519            0.0012381    0.98540481   0.00137096  -0.00040669  
        -0.0160000            0.9845999            0.0012377    0.98474103   0.00137043  -0.00051600  
        -0.0150705            0.9845115            0.0012376    0.98492449   0.00137037   0.00012276  
        -0.0141410            0.9846066            0.0012377    0.98484224   0.00137044   0.00042433  
        -0.0132115            0.9844771            0.0012376    0.98481482   0.00137035   0.00072820  
        -0.0122819            0.9827456            0.0012365    0.98362226   0.00136914  -0.00017538  
        -0.0113524            0.9826118            0.0012364    0.98369077   0.00136905   0.00014408  
        -0.0009883            0.9864148            0.0012388    0.98419045   0.00137170   0.00190126  
        -0.0000587            0.9831206            0.0012367    0.98198896   0.00136940  -0.00029574  
         0.0008708            0.9825083            0.0012363    0.98186236   0.00136898  -0.00042872  
         0.0018003            0.9835755            0.0012370    0.98283460   0.00136972   0.00052272  
         0.0027298            0.9832300            0.0012368    0.98278735   0.00136948   0.00043925  
         0.0036594            0.9829951            0.0012367    0.98265495   0.00136932   0.00025260  
         0.0045889            0.9816735            0.0012358    0.98140057   0.00136840  -0.00106920  
         0.0055184            0.9831059            0.0012367    0.98302197   0.00136939   0.00046613  
         0.0064479            0.9815198            0.0012357    0.98180155   0.00136829  -0.00085498  
         0.0168090            0.9871241            0.0012392    0.98391296   0.00137219  -0.00182625  
         0.0177385            0.9889484            0.0012404    0.98725613   0.00137346   0.00082529  
         0.0186681            0.9891223            0.0012405    0.98790772   0.00137358  -0.00004454  
         0.0195976            0.9909591            0.0012416    0.98996531   0.00137485  -0.00035463  
         0.0205271            0.9932117            0.0012431    0.99218730   0.00137641  -0.00071480  
         0.0214566            0.9968547            0.0012453    0.99584410   0.00137894   0.00043508  
         0.0223862            0.9997752            0.0012472    0.99871556   0.00138095   0.00109856  
         0.0233157            0.9995512            0.0012470    0.99879927   0.00138080  -0.00048734  
         0.0242452            1.0006773            0.0012477    1.00013576   0.00138158   0.00013579  
