        -0.0520718            0.9990414            0.0011991    0.99999256   0.00125709  -0.00000743  
        -0.0511423            0.9981208            0.0011985    0.99922316   0.00125651  -0.00077601  
        -0.0502128            0.9987536            0.0011989    1.00004309   0.00125691   0.00004304  
        -0.0492832            1.0001892            0.0011997    1.00181961   0.00125782   0.00181671  
        -0.0483537            0.9985458            0.0011988    1.00043896   0.00125678   0.00043815  
        -0.0474242            0.9975895            0.0011982    0.99939978   0.00125618  -0.00059916  
        -0.0464947            0.9981908            0.0011985    0.99932820   0.00125656  -0.00067106  
        -0.0365891            0.9988747            0.0011990    0.99910385   0.00125699  -0.00089597  
        -0.0356595            1.0000000            0.0011996    1.00070008   0.00125770   0.00069961  
        -0.0347300            0.9997068            0.0011995    1.00045459   0.00125751   0.00045426  
        -0.0338005            0.9990721            0.0011991    0.99983386   0.00125711  -0.00016602  
        -0.0328710            0.9989013            0.0011990    0.99974677   0.00125701  -0.00025303  
        -0.0319414            0.9985705            0.0011988    0.99959546   0.00125680  -0.00040414  
        -0.0310119            0.9994297            0.0011993    1.00065647   0.00125734   0.00065569  
        -0.0300824            0.9983184            0.0011986    0.99964912   0.00125664  -0.00035042  
        -0.0291529            0.9996049            0.0011994    1.00067603   0.00125745   0.00067533  
        -0.0187886            0.9889547            0.0011930    0.98874790   0.00125073   0.00028475  
        -0.0178591            0.9853968            0.0011908    0.98554693   0.00124848  -0.00127848  
        -0.0169296            0.9859325            0.0011912    0.98635394   0.00124882   0.00025271  
        -0.0160000            0.9858038            0.0011911    0.98619403   0.00124874   0.00064353  
        -0.0150705            0.9845862            0.0011904    0.98508494   0.00124797  -0.00001203  
        -0.0141410            0.9833687            0.0011896    0.98403054   0.00124719  -0.00068471  
        -0.0132115            0.9827865            0.0011893    0.98363897   0.00124683  -0.00074673  
        -0.0122819            0.9824459            0.0011891    0.98339149   0.00124661  -0.00070816  
        -0.0113524            0.9835057            0.0011897    0.98417500   0.00124728   0.00032369  
        -0.0009883            0.9841291            0.0011901    0.98336298   0.00124768   0.00075155  
        -0.0000587            0.9825388            0.0011891    0.98227907   0.00124667  -0.00032480  
         0.0008708            0.9823442            0.0011890    0.98232840   0.00124654  -0.00028180  
         0.0018003            0.9828130            0.0011893    0.98310551   0.00124684   0.00047423  
         0.0027298            0.9818555            0.0011887    0.98219768   0.00124623  -0.00046870  
         0.0036594            0.9837236            0.0011898    0.98418923   0.00124742   0.00146869  
         0.0045889            0.9818072            0.0011887    0.98242613   0.00124620  -0.00036034  
         0.0055184            0.9819349            0.0011888    0.98255276   0.00124628  -0.00031824  
         0.0064479            0.9833909            0.0011896    0.98369866   0.00124721   0.00072694  
         0.0168090            0.9871589            0.0011919    0.98584139   0.00124960  -0.00018272  
         0.0177385            0.9881124            0.0011925    0.98734801   0.00125020   0.00063260  
         0.0186681            0.9885191            0.0011927    0.98804785   0.00125046  -0.00013950  
         0.0195976            0.9906127            0.0011940    0.99043892   0.00125178  -0.00008041  
         0.0205271            0.9929013            0.0011954    0.99303305   0.00125322  -0.00003418  
         0.0214566            0.9955505            0.0011970    0.99572708   0.00125490   0.00018743  
         0.0223862            0.9968979            0.0011978    0.99716614   0.00125574  -0.00054389  
         0.0233157            0.9981779            0.0011985    0.99844937   0.00125655  -0.00088751  
         0.0242452            1.0007165            0.0012001    1.00066417   0.00125815   0.00066423  
