        -0.0520718            0.9991913            0.0009860    0.99957680   0.00111829  -0.00042250  
        -0.0511423            1.0002360            0.0009865    1.00074902   0.00111888   0.00074770  
        -0.0502128            0.9989650            0.0009858    0.99964216   0.00111817  -0.00035715  
        -0.0492832            0.9994588            0.0009861    1.00039452   0.00111844   0.00039366  
        -0.0483537            0.9983868            0.0009856    0.99965106   0.00111784  -0.00034807  
        -0.0474242            0.9980752            0.0009854    0.99955303   0.00111767  -0.00044576  
        -0.0464947            0.9985426            0.0009856    0.99971803   0.00111793  -0.00028129  
        -0.0365891            1.0010333            0.0009869    1.00058270   0.00111932   0.00058224  
        -0.0356595            1.0000000            0.0009864    1.00019815   0.00111875   0.00019787  
        -0.0347300            0.9997667            0.0009862    0.99985536   0.00111862  -0.00014445  
        -0.0338005            1.0001383            0.0009864    1.00013552   0.00111882   0.00013536  
        -0.0328710            0.9994836            0.0009861    0.99943734   0.00111846  -0.00056199  
        -0.0319414            1.0001396            0.0009864    1.00040099   0.00111882   0.00040038  
        -0.0310119            0.9987603            0.0009857    0.99923791   0.00111805  -0.00076078  
        -0.0300824            0.9992394            0.0009860    1.00000781   0.00111832   0.00000780  
        -0.0291529            1.0003017            0.0009865    1.00099251   0.00111891   0.00099059  
        -0.0187886            0.9895850            0.0009812    0.98837018   0.00111290  -0.00000983  
        -0.0178591            0.9872132            0.0009800    0.98646549   0.00111157  -0.00020633  
        -0.0169296            0.9862824            0.0009796    0.98589861   0.00111105  -0.00000496  
        -0.0160000            0.9859841            0.0009794    0.98541562   0.00111088   0.00009442  
        -0.0150705            0.9849697            0.0009789    0.98453436   0.00111031  -0.00031025  
        -0.0141410            0.9851667            0.0009790    0.98484807   0.00111042   0.00040424  
        -0.0132115            0.9846814            0.0009788    0.98459359   0.00111014   0.00049386  
        -0.0122819            0.9836745            0.0009783    0.98396230   0.00110958   0.00016114  
        -0.0113524            0.9833335            0.0009781    0.98351982   0.00110938  -0.00002070  
        -0.0009883            0.9841233            0.0009785    0.98229669   0.00110983   0.00003882  
        -0.0000587            0.9825565            0.0009777    0.98109434   0.00110895  -0.00115516  
         0.0008708            0.9841526            0.0009785    0.98280954   0.00110985   0.00055366  
         0.0018003            0.9835393            0.0009782    0.98256132   0.00110950   0.00028323  
         0.0027298            0.9827285            0.0009778    0.98181169   0.00110904  -0.00050326  
         0.0036594            0.9829646            0.0009779    0.98220554   0.00110918  -0.00016292  
         0.0045889            0.9825110            0.0009777    0.98200087   0.00110892  -0.00043696  
         0.0055184            0.9829820            0.0009779    0.98259538   0.00110919   0.00007057  
         0.0064479            0.9834981            0.0009782    0.98306863   0.00110948   0.00043910  
         0.0168090            0.9881319            0.0009805    0.98558497   0.00111209  -0.00023588  
         0.0177385            0.9889971            0.0009809    0.98693039   0.00111257   0.00037585  
         0.0186681            0.9900605            0.0009814    0.98814034   0.00111317   0.00004234  
         0.0195976            0.9924313            0.0009826    0.99069368   0.00111450   0.00022832  
         0.0205271            0.9939893            0.0009834    0.99281973   0.00111538  -0.00021287  
         0.0214566            0.9971121            0.0009849    0.99585805   0.00111713   0.00034088  
         0.0223862            0.9989634            0.0009858    0.99782973   0.00111817   0.00013687  
         0.0233157            1.0005854            0.0009866    0.99961150   0.00111907   0.00028758  
         0.0242452            1.0001610            0.0009864    0.99918252   0.00111884  -0.00081726  
