        -0.0530353            1.0007626            0.0002883    1.00059776   0.00026556   0.00059976  
        -0.0521058            1.0006853            0.0002883    1.00047698   0.00026555   0.00047859  
        -0.0511762            1.0005316            0.0002883    1.00020801   0.00026553   0.00020873  
        -0.0502467            1.0005271            0.0002883    1.00010409   0.00026553   0.00010446  
        -0.0493172            1.0009533            0.0002883    1.00035486   0.00026558   0.00035620  
        -0.0483877            1.0008110            0.0002883    1.00023086   0.00026556   0.00023173  
        -0.0474581            1.0005970            0.0002883    1.00000270   0.00026553   0.00000271  
        -0.0373171            0.9998121            0.0002882    0.99975522   0.00026543  -0.00024557  
        -0.0363875            1.0000000            0.0002882    1.00028584   0.00026546   0.00028666  
        -0.0354580            0.9987877            0.0002880    0.99933654   0.00026529  -0.00066520  
        -0.0345285            0.9991488            0.0002881    0.99992898   0.00026534  -0.00007119  
        -0.0335990            0.9992025            0.0002881    0.99994484   0.00026535  -0.00005529  
        -0.0326694            0.9992491            0.0002881    0.99974104   0.00026536  -0.00025965  
        -0.0317399            0.9994418            0.0002881    0.99980637   0.00026538  -0.00019418  
        -0.0308104            0.9991574            0.0002881    0.99935173   0.00026534  -0.00065020  
        -0.0298809            0.9991779            0.0002881    0.99949604   0.00026535  -0.00050540  
        -0.0195135            0.9900713            0.0002868    0.99068273   0.00026413   0.00033090  
        -0.0185840            0.9866013            0.0002863    0.98791163   0.00026367  -0.00005217  
        -0.0176545            0.9848411            0.0002860    0.98607104   0.00026344  -0.00029017  
        -0.0167250            0.9839880            0.0002859    0.98538760   0.00026332  -0.00012504  
        -0.0157954            0.9834618            0.0002858    0.98483148   0.00026325  -0.00001778  
        -0.0148659            0.9832591            0.0002858    0.98450363   0.00026322   0.00020410  
        -0.0139364            0.9822732            0.0002856    0.98337630   0.00026309  -0.00045677  
        -0.0130069            0.9822050            0.0002856    0.98324539   0.00026308  -0.00018318  
        -0.0120773            0.9818948            0.0002856    0.98291133   0.00026304  -0.00016501  
        -0.0017132            0.9797456            0.0002853    0.98114314   0.00026275  -0.00012876  
        -0.0007836            0.9789072            0.0002851    0.98097882   0.00026264  -0.00026754  
         0.0001459            0.9791902            0.0002852    0.98151878   0.00026268   0.00027948  
         0.0010754            0.9788813            0.0002851    0.98107211   0.00026264  -0.00018013  
         0.0020049            0.9795906            0.0002852    0.98153076   0.00026273   0.00024749  
         0.0029344            0.9794719            0.0002852    0.98147238   0.00026272   0.00013813  
         0.0038640            0.9794238            0.0002852    0.98129417   0.00026271  -0.00011094  
         0.0047935            0.9798291            0.0002853    0.98162596   0.00026276   0.00013021  
         0.0057230            0.9803411            0.0002854    0.98215286   0.00026283   0.00054533  
         0.0160903            0.9833037            0.0002858    0.98508604   0.00026323   0.00004098  
         0.0170198            0.9831605            0.0002858    0.98583395   0.00026321   0.00007857  
         0.0179493            0.9836897            0.0002858    0.98684880   0.00026328   0.00014464  
         0.0188788            0.9853199            0.0002861    0.98871341   0.00026350   0.00003384  
         0.0198084            0.9877986            0.0002864    0.99076511   0.00026383  -0.00039808  
         0.0207379            0.9905712            0.0002868    0.99344762   0.00026420  -0.00027989  
         0.0216674            0.9935269            0.0002873    0.99636361   0.00026459   0.00023759  
         0.0225969            0.9957173            0.0002876    0.99839403   0.00026489   0.00024428  
         0.0235265            0.9971423            0.0002878    0.99994432   0.00026508   0.00037371  
