        -0.0552274     14151025.6381836         3761.7849006   
        -0.0543599     14149299.3068848         3761.5554372   
        -0.0534923     14150675.4924316         3761.7383604   
        -0.0526248     14140759.5136719         3760.4201246   
        -0.0517572     14145797.8093262         3761.0899762   
        -0.0508896     14149494.1513672         3761.5813365   
        -0.0500221     14148956.2355957         3761.5098346   
        -0.0491545     14149483.3635254         3761.5799026   
        -0.0404309     14469167.9916992         3803.8359575   
        -0.0395478     14476523.2517090         3804.8026561   
        -0.0386648     14465826.5771484         3803.3967157   
        -0.0377818     14459958.2561035         3802.6251795   
        -0.0368987     14458728.8149414         3802.4635192   
        -0.0360157     14444676.7229004         3800.6153085   
        -0.0351326     14452656.2089844         3801.6649259   
        -0.0342496     14450037.6328125         3801.3205117   
        -0.0333665     14443081.8813477         3800.4054891   
        -0.0324835     14452381.0419922         3801.6287354   
        -0.0226244     14449216.8286133         3801.2125472   
        -0.0217412     14422159.2111816         3797.6518023   
        -0.0208582     14376583.0573730         3791.6464837   
        -0.0199752     14337909.0893555         3786.5431583   
        -0.0190922     14297927.6708984         3781.2600639   
        -0.0182091     14268803.6882324         3777.4070059   
        -0.0173260     14254695.2573242         3775.5390684   
        -0.0164430     14244321.3088379         3774.1649817   
        -0.0155600     14239813.5354004         3773.5677462   
        -0.0146769     14234465.3442383         3772.8590411   
        -0.0048178     14244322.3403320         3774.1651183   
        -0.0039347     14239864.1704102         3773.5744554   
        -0.0030516     14230336.2558594         3772.3117920   
        -0.0021686     14229494.8122559         3772.2002614   
        -0.0012856     14226347.1926270         3771.7830257   
        -0.0004026     14228239.4919434         3772.0338668   
         0.0004806     14216009.7570801         3770.4124121   
         0.0013636     14213365.7004395         3770.0617635   
         0.0022466     14211124.5021973         3769.7645155   
         0.0031296     14209468.3854980         3769.5448512   
         0.0129919     14260675.6142578         3776.3309726   
         0.0138749     14266263.4826660         3777.0707543   
         0.0147581     14252827.0676270         3775.2916533   
         0.0156411     14256377.8552246         3775.7618907   
         0.0165241     14257947.6604004         3775.9697642   
         0.0174071     14260298.5820312         3776.2810518   
         0.0182902     14278889.9809570         3778.7418516   
         0.0191733     14301043.9963379         3781.6721165   
         0.0200563     14334610.6774902         3786.1075893   
         0.0209393     14367418.0446777         3790.4377115   
