        -0.0394694            1.0007394            0.0002630    1.00010122   0.00028793   0.00010111  
        -0.0385863            1.0000000            0.0002629    0.99997314   0.00028783  -0.00002681  
        -0.0377033            0.9995943            0.0002629    0.99984416   0.00028777  -0.00015552  
        -0.0368202            0.9995093            0.0002629    0.99993334   0.00028776  -0.00006651  
        -0.0359372            0.9985379            0.0002627    0.99957162   0.00028762  -0.00042718  
        -0.0350541            0.9990896            0.0002628    1.00012637   0.00028770   0.00012602  
        -0.0341711            0.9989085            0.0002628    1.00025164   0.00028767   0.00025086  
        -0.0332880            0.9984277            0.0002627    0.99985629   0.00028760  -0.00014325  
        -0.0324050            0.9990705            0.0002628    1.00019473   0.00028769   0.00019417  
        -0.0216628            0.9969813            0.0002625    0.99585740   0.00028739   0.00021717  
        -0.0207797            0.9938307            0.0002621    0.99311224   0.00028694  -0.00009929  
        -0.0198967            0.9911573            0.0002618    0.99076557   0.00028655   0.00006770  
        -0.0190137            0.9883934            0.0002614    0.98828308   0.00028615  -0.00004648  
        -0.0181306            0.9863801            0.0002611    0.98662131   0.00028586   0.00012856  
        -0.0172475            0.9854048            0.0002610    0.98573628   0.00028572  -0.00008730  
        -0.0163645            0.9846877            0.0002609    0.98515124   0.00028562  -0.00022908  
        -0.0154815            0.9843761            0.0002609    0.98509514   0.00028557   0.00007197  
        -0.0145984            0.9840064            0.0002608    0.98472655   0.00028552   0.00000345  
        -0.0038563            0.9843796            0.0002609    0.98320218   0.00028557   0.00011322  
        -0.0029731            0.9837209            0.0002608    0.98295087   0.00028548  -0.00009750  
        -0.0020901            0.9836628            0.0002608    0.98326896   0.00028547   0.00024881  
        -0.0012071            0.9834452            0.0002607    0.98321207   0.00028544   0.00021010  
        -0.0003241            0.9835760            0.0002608    0.98337155   0.00028545   0.00037783  
         0.0005591            0.9827306            0.0002606    0.98279136   0.00028533  -0.00020272  
         0.0014421            0.9825478            0.0002606    0.98293916   0.00028530  -0.00006627  
         0.0023251            0.9823928            0.0002606    0.98296629   0.00028528  -0.00005976  
         0.0032081            0.9822784            0.0002606    0.98292404   0.00028527  -0.00013386  
         0.0139534            0.9862045            0.0002611    0.98423772   0.00028584  -0.00029421  
         0.0148365            0.9852757            0.0002610    0.98481019   0.00028570   0.00001006  
         0.0157196            0.9855211            0.0002610    0.98499308   0.00028574  -0.00012018  
         0.0166026            0.9856297            0.0002610    0.98542572   0.00028575  -0.00006435  
         0.0174856            0.9857922            0.0002610    0.98583639   0.00028578  -0.00013000  
         0.0183687            0.9870774            0.0002612    0.98711869   0.00028596   0.00022291  
         0.0192518            0.9886088            0.0002614    0.98891159   0.00028618  -0.00002572  
         0.0201348            0.9909292            0.0002617    0.99166132   0.00028652   0.00028939  
         0.0210178            0.9931972            0.0002620    0.99372729   0.00028685  -0.00015613  
