        -0.0528695     12310356.9241333         3508.6118229   
        -0.0519400     12308378.3303833         3508.3298491   
        -0.0510105     12308452.4986572         3508.3404194   
        -0.0500810     12309765.8092041         3508.5275842   
        -0.0491515     12307219.9995728         3508.1647623   
        -0.0482219     12297831.9180298         3506.8264739   
        -0.0472924     12297508.8433838         3506.7804099   
        -0.0463629     12280230.3645630         3504.3159624   
        -0.0373868     12328116.1342773         3511.1417138   
        -0.0364573     12324284.9561157         3510.5960970   
        -0.0355278     12319371.7440796         3509.8962583   
        -0.0345982     12321096.1802368         3510.1419031   
        -0.0336687     12319144.0656128         3509.8638244   
        -0.0327392     12317156.5465698         3509.5806796   
        -0.0318097     12318412.6456909         3509.7596279   
        -0.0308801     12321573.7183228         3510.2099251   
        -0.0299506     12315643.0114746         3509.3650439   
        -0.0290211     12308359.7460938         3508.3272005   
        -0.0195863     12218420.0969849         3495.4856740   
        -0.0186568     12191899.6424561         3491.6900840   
        -0.0177273     12167975.5415039         3488.2625391   
        -0.0167978     12151242.7297974         3485.8632689   
        -0.0158683     12143883.9313965         3484.8075889   
        -0.0149387     12139496.6112061         3484.1780395   
        -0.0140092     12132429.9462280         3483.1637840   
        -0.0130797     12129924.2619019         3482.8040803   
        -0.0121502     12120134.0647583         3481.3982916   
        -0.0112206     12115806.8367920         3480.7767577   
        -0.0017860     12114845.6619873         3480.6386859   
        -0.0008565     12115812.6184082         3480.7775882   
         0.0000731     12106413.4837646         3479.4271775   
         0.0010026     12112102.6918335         3480.2446310   
         0.0019321     12110235.1505127         3479.9763146   
         0.0028616     12104111.9894409         3479.0964329   
         0.0037911     12109741.6180420         3479.9054036   
         0.0047207     12104227.1192627         3479.1129788   
         0.0056502     12109348.5930176         3479.8489325   
         0.0065797     12107906.8952637         3479.6417769   
         0.0160113     12168871.8159180         3488.3910067   
         0.0169408     12175201.7045898         3489.2981679   
         0.0178703     12181534.4956055         3490.2055091   
         0.0187999     12198226.9599609         3492.5960201   
         0.0197294     12226584.8853760         3496.6533836   
         0.0206589     12253007.8256836         3500.4296630   
         0.0215884     12284181.6281738         3504.8796881   
         0.0225180     12306323.7199097         3508.0370180   
         0.0234475     12323295.2990723         3510.4551413   
         0.0243770     12327901.1074219         3511.1110930   
