        -0.0520368            0.9991076            0.0002848    0.99986350   0.00031098  -0.00013636  
        -0.0511073            0.9991137            0.0002848    0.99994080   0.00031098  -0.00005914  
        -0.0501778            0.9992203            0.0002848    0.99994995   0.00031099  -0.00005000  
        -0.0492483            0.9990136            0.0002848    0.99994836   0.00031096  -0.00005158  
        -0.0483187            0.9982515            0.0002847    0.99939838   0.00031084  -0.00060075  
        -0.0473892            0.9982253            0.0002847    0.99979932   0.00031084  -0.00020030  
        -0.0464597            0.9968228            0.0002845    0.99956057   0.00031062  -0.00043809  
        -0.0365541            1.0003988            0.0002850    1.00009131   0.00031118   0.00009131  
        -0.0356246            1.0000000            0.0002849    1.00024227   0.00031112   0.00024214  
        -0.0346950            1.0001400            0.0002849    1.00047474   0.00031114   0.00047444  
        -0.0337655            0.9999815            0.0002849    1.00035631   0.00031111   0.00035607  
        -0.0328360            0.9998202            0.0002849    0.99996795   0.00031109  -0.00003204  
        -0.0319065            0.9999221            0.0002849    1.00007735   0.00031110   0.00007732  
        -0.0309769            1.0001787            0.0002849    1.00031197   0.00031114   0.00031183  
        -0.0300474            0.9996973            0.0002849    1.00023015   0.00031107   0.00022996  
        -0.0291179            0.9991061            0.0002848    1.00038015   0.00031098   0.00037955  
        -0.0187536            0.9896527            0.0002834    0.98869617   0.00030950  -0.00011594  
        -0.0178241            0.9877107            0.0002832    0.98695531   0.00030920  -0.00017893  
        -0.0168946            0.9863525            0.0002830    0.98601164   0.00030899  -0.00027998  
        -0.0159651            0.9857551            0.0002829    0.98543788   0.00030889  -0.00020365  
        -0.0150355            0.9853990            0.0002828    0.98519125   0.00030884   0.00008609  
        -0.0141060            0.9848254            0.0002827    0.98451631   0.00030875  -0.00013394  
        -0.0131765            0.9846220            0.0002827    0.98441350   0.00030871   0.00015529  
        -0.0122470            0.9838273            0.0002826    0.98393982   0.00030859   0.00002315  
        -0.0113174            0.9834760            0.0002825    0.98409212   0.00030853   0.00047434  
        -0.0009533            0.9834765            0.0002825    0.98231595   0.00030853   0.00018808  
        -0.0000237            0.9827135            0.0002824    0.98162077   0.00030842  -0.00049811  
         0.0009058            0.9831754            0.0002825    0.98226891   0.00030849   0.00014190  
         0.0018353            0.9830238            0.0002825    0.98248018   0.00030846   0.00032637  
         0.0027648            0.9825267            0.0002824    0.98201026   0.00030839  -0.00018811  
         0.0036943            0.9829837            0.0002825    0.98242118   0.00030846   0.00015907  
         0.0046239            0.9825361            0.0002824    0.98200778   0.00030839  -0.00033721  
         0.0055534            0.9829518            0.0002825    0.98256248   0.00030845   0.00011491  
         0.0064829            0.9828348            0.0002825    0.98277470   0.00030843   0.00020358  
         0.0168440            0.9882973            0.0002832    0.98632962   0.00030929   0.00007723  
         0.0177735            0.9888113            0.0002833    0.98699518   0.00030937  -0.00008508  
         0.0187031            0.9901663            0.0002835    0.98852427   0.00030958  -0.00017045  
         0.0196326            0.9924682            0.0002838    0.99114449   0.00030994   0.00010319  
         0.0205621            0.9946130            0.0002841    0.99352269   0.00031028  -0.00001788  
         0.0214916            0.9971435            0.0002845    0.99598352   0.00031067   0.00006201  
         0.0224212            0.9989409            0.0002848    0.99776933   0.00031095  -0.00019897  
         0.0233507            1.0003185            0.0002850    0.99926989   0.00031117  -0.00018475  
         0.0242802            1.0006924            0.0002850    0.99988608   0.00031122  -0.00011397  
