        -0.0542115     12053711.8474731         3471.8455967   
        -0.0532820     12048826.8550415         3471.1420102   
        -0.0523525     12047896.2751465         3471.0079624   
        -0.0514230     12046045.1366577         3470.7412950   
        -0.0504934     12045990.8843384         3470.7334793   
        -0.0495639     12051122.2559814         3471.4726351   
        -0.0486344     12049409.3856201         3471.2259197   
        -0.0477049     12046832.2276001         3470.8546826   
        -0.0384933     12038574.2324829         3469.6648588   
        -0.0375638     12037383.0159912         3469.4931930   
        -0.0366343     12039645.0897217         3469.8191725   
        -0.0357047     12025048.9388428         3467.7152332   
        -0.0347752     12029396.3836060         3468.3420223   
        -0.0338457     12030043.5182495         3468.4353127   
        -0.0329162     12030604.9361572         3468.5162442   
        -0.0319867     12032925.0506592         3468.8506815   
        -0.0310571     12029500.7158203         3468.3570629   
        -0.0301276     12029747.2785034         3468.3926073   
        -0.0206898     11963018.0545044         3458.7596121   
        -0.0197603     11920106.4656982         3452.5507188   
        -0.0188307     11878330.0242920         3446.4953249   
        -0.0179012     11857137.8617554         3443.4195013   
        -0.0169717     11846865.9690552         3441.9276531   
        -0.0160422     11840531.6164551         3441.0073549   
        -0.0151126     11838090.8606567         3440.6526795   
        -0.0141831     11826220.9844971         3438.9273014   
        -0.0132536     11825400.1501465         3438.8079548   
        -0.0123241     11821664.4487305         3438.2647438   
        -0.0028894     11793441.8617554         3434.1581009   
        -0.0019599     11795789.3267212         3434.4998656   
        -0.0010304     11785695.3667603         3433.0300562   
        -0.0001009     11789103.0714111         3433.5263318   
         0.0008287     11785383.6380005         3432.9846545   
         0.0017582     11793923.0951538         3434.2281659   
         0.0026877     11792493.4518433         3434.0200133   
         0.0036172     11791914.7562866         3433.9357531   
         0.0045468     11796795.1774902         3434.6462958   
         0.0054763     11802958.6121216         3435.5434231   
         0.0149140     11824313.9313965         3438.6500158   
         0.0158435     11838627.0780640         3440.7306024   
         0.0167730     11836903.3063354         3440.4800982   
         0.0177026     11843275.0313110         3441.4059672   
         0.0186321     11862901.3289795         3444.2562810   
         0.0195616     11892744.0596313         3448.5858058   
         0.0204911     11926125.1444702         3453.4222366   
         0.0214207     11961710.6754150         3458.5706116   
         0.0223502     11988082.8377686         3462.3810937   
         0.0232797     12005239.2401123         3464.8577518   
