        -0.0394845            1.0001201            0.0006549    0.99987826   0.00067145  -0.00012167  
        -0.0386014            1.0000000            0.0006548    1.00005436   0.00067141   0.00005431  
        -0.0377184            0.9991524            0.0006545    0.99972710   0.00067113  -0.00027252  
        -0.0368353            0.9988814            0.0006545    0.99989330   0.00067104  -0.00010651  
        -0.0359523            0.9975584            0.0006540    0.99913003   0.00067059  -0.00086789  
        -0.0350692            0.9981826            0.0006542    0.99965315   0.00067080  -0.00034606  
        -0.0341862            0.9988491            0.0006544    1.00035682   0.00067103   0.00035599  
        -0.0333031            0.9990665            0.0006545    1.00059051   0.00067110   0.00058913  
        -0.0324201            0.9985494            0.0006543    1.00041388   0.00067093   0.00041277  
        -0.0216779            0.9962422            0.0006536    0.99585940   0.00067015   0.00006636  
        -0.0207948            0.9933666            0.0006526    0.99303776   0.00066918  -0.00036822  
        -0.0199118            0.9908326            0.0006518    0.99094089   0.00066833   0.00002884  
        -0.0190288            0.9880197            0.0006509    0.98855897   0.00066738   0.00002627  
        -0.0181457            0.9868088            0.0006505    0.98762766   0.00066697   0.00099623  
        -0.0172626            0.9856005            0.0006501    0.98646735   0.00066656   0.00061765  
        -0.0163796            0.9843990            0.0006497    0.98520131   0.00066616  -0.00013311  
        -0.0154966            0.9836214            0.0006494    0.98447803   0.00066589  -0.00043947  
        -0.0146135            0.9832955            0.0006493    0.98463324   0.00066578   0.00006409  
        -0.0038714            0.9825258            0.0006491    0.98247913   0.00066552  -0.00016747  
        -0.0029882            0.9828490            0.0006492    0.98262716   0.00066563   0.00002850  
        -0.0021052            0.9827156            0.0006491    0.98297435   0.00066559   0.00040961  
        -0.0012222            0.9821352            0.0006489    0.98273825   0.00066539   0.00019531  
        -0.0003392            0.9821772            0.0006490    0.98291083   0.00066540   0.00037786  
         0.0005440            0.9811248            0.0006486    0.98188286   0.00066505  -0.00064983  
         0.0014270            0.9814974            0.0006487    0.98229905   0.00066517  -0.00024722  
         0.0023100            0.9813105            0.0006487    0.98217688   0.00066511  -0.00039332  
         0.0031930            0.9809756            0.0006486    0.98225422   0.00066500  -0.00035376  
         0.0139383            0.9850887            0.0006499    0.98448184   0.00066639   0.00014596  
         0.0148214            0.9846540            0.0006498    0.98496973   0.00066624   0.00032216  
         0.0157045            0.9844548            0.0006497    0.98479681   0.00066617  -0.00021304  
         0.0165875            0.9846967            0.0006498    0.98541056   0.00066626  -0.00003444  
         0.0174705            0.9846854            0.0006498    0.98571230   0.00066625  -0.00027969  
         0.0183536            0.9859526            0.0006502    0.98683103   0.00066668  -0.00016945  
         0.0192367            0.9886189            0.0006511    0.98945317   0.00066758   0.00038455  
         0.0201197            0.9909917            0.0006519    0.99201317   0.00066838   0.00051499  
         0.0210027            0.9923906            0.0006523    0.99356314   0.00066885  -0.00042149  
