        -0.0394845            1.0001388            0.0013445    0.99933510   0.00166114  -0.00066367  
        -0.0386014            1.0000000            0.0013444    1.00036400   0.00166102   0.00036291  
        -0.0377184            0.9996884            0.0013442    1.00058667   0.00166076   0.00058459  
        -0.0368353            0.9987035            0.0013435    1.00031175   0.00165995   0.00031042  
        -0.0359523            0.9979221            0.0013430    0.99950204   0.00165930  -0.00049586  
        -0.0350692            0.9970809            0.0013424    0.99893708   0.00165860  -0.00105813  
        -0.0341862            0.9979021            0.0013430    1.00027310   0.00165928   0.00027173  
        -0.0333031            0.9974950            0.0013427    1.00015506   0.00165894   0.00015424  
        -0.0324201            0.9962684            0.0013419    0.99960975   0.00165792  -0.00038791  
        -0.0216779            0.9984224            0.0013433    0.99699848   0.00165971   0.00151229  
        -0.0207948            0.9925766            0.0013394    0.99209848   0.00165485  -0.00089245  
        -0.0199118            0.9908342            0.0013382    0.99083833   0.00165339   0.00039222  
        -0.0190288            0.9870593            0.0013357    0.98695658   0.00165024  -0.00112553  
        -0.0181457            0.9878912            0.0013362    0.98739270   0.00165094   0.00106541  
        -0.0172626            0.9859335            0.0013349    0.98610485   0.00164930   0.00029045  
        -0.0163796            0.9849746            0.0013343    0.98551408   0.00164850   0.00002803  
        -0.0154966            0.9852808            0.0013345    0.98609527   0.00164875   0.00086894  
        -0.0146135            0.9833627            0.0013332    0.98474693   0.00164715  -0.00025623  
        -0.0038714            0.9867144            0.0013354    0.98489372   0.00164995   0.00106248  
        -0.0029882            0.9836029            0.0013333    0.98229335   0.00164735  -0.00150649  
        -0.0021052            0.9845095            0.0013340    0.98389918   0.00164811   0.00011731  
        -0.0012222            0.9842438            0.0013338    0.98362013   0.00164789  -0.00014825  
        -0.0003392            0.9857118            0.0013348    0.98524879   0.00164911   0.00148301  
         0.0005440            0.9838420            0.0013335    0.98282047   0.00164755  -0.00094136  
         0.0014270            0.9828363            0.0013328    0.98220995   0.00164671  -0.00155800  
         0.0023100            0.9838513            0.0013335    0.98388504   0.00164756   0.00009920  
         0.0031930            0.9836400            0.0013334    0.98423171   0.00164738   0.00042253  
         0.0139383            0.9870159            0.0013356    0.98373633   0.00165020  -0.00112319  
         0.0148214            0.9864738            0.0013353    0.98504703   0.00164975  -0.00000616  
         0.0157045            0.9865827            0.0013354    0.98587983   0.00164984   0.00059793  
         0.0165875            0.9876158            0.0013361    0.98631370   0.00165071   0.00075678  
         0.0174705            0.9851107            0.0013344    0.98398118   0.00164861  -0.00192182  
         0.0183536            0.9896230            0.0013374    0.98789322   0.00165238   0.00124930  
         0.0192367            0.9909120            0.0013383    0.98932740   0.00165346   0.00071934  
         0.0201197            0.9919041            0.0013390    0.99085019   0.00165429  -0.00018705  
         0.0210027            0.9939182            0.0013403    0.99354254   0.00165596  -0.00005023  
