         0.5893000            0.0005000    0.01557537   0.00199855  
         0.5893000            0.0010000    0.01565112   0.00136969  
         0.5893000            0.0015000    0.01567396   0.00120995  
         0.5893000            0.0025000    0.01569969   0.00096849  
         0.5893000            0.0035000    0.01525421   0.00080859  
         0.5893000            0.0045000    0.01509923   0.00074909  
         0.5893000            0.0055000    0.01498636   0.00068947  
         0.5893000            0.0065000    0.01496154   0.00066283  
         0.5893000            0.0075000    0.01499160   0.00062819  
         0.5893000            0.0085000    0.01509580   0.00058057  
         0.5893000            0.0095000    0.01501303   0.00055763  
         0.5893000            0.0105000    0.01516107   0.00050697  
         0.5893000            0.0115000    0.01519468   0.00048552  
         0.5893000            0.0125000    0.01526988   0.00048390  
