        -0.0394845            1.0005491            0.0008155    0.99999024   0.00087877  -0.00000973  
        -0.0386014            1.0000000            0.0008153    1.00059495   0.00087853   0.00059240  
        -0.0377184            1.0004721            0.0008155    1.00034525   0.00087873   0.00034401  
        -0.0368353            0.9994099            0.0008150    0.99992188   0.00087827  -0.00007779  
        -0.0359523            0.9989414            0.0008148    1.00009060   0.00087806   0.00009016  
        -0.0350692            0.9995497            0.0008151    1.00042630   0.00087833   0.00042435  
        -0.0341862            0.9983674            0.0008146    0.99983665   0.00087781  -0.00016251  
        -0.0333031            0.9981494            0.0008145    0.99914760   0.00087771  -0.00084840  
        -0.0324201            1.0003254            0.0008154    1.00037226   0.00087867   0.00037087  
        -0.0216779            0.9960909            0.0008137    0.99468986   0.00087681  -0.00044000  
        -0.0207948            0.9940453            0.0008128    0.99267882   0.00087591   0.00012000  
        -0.0199118            0.9906644            0.0008115    0.98955867   0.00087442  -0.00034991  
        -0.0190288            0.9877833            0.0008103    0.98672721   0.00087314  -0.00068291  
        -0.0181457            0.9852924            0.0008093    0.98471811   0.00087204  -0.00070133  
        -0.0172626            0.9849109            0.0008091    0.98449604   0.00087187  -0.00017821  
        -0.0163796            0.9848182            0.0008091    0.98398618   0.00087183  -0.00027086  
        -0.0154966            0.9842924            0.0008089    0.98399359   0.00087160   0.00006838  
        -0.0146135            0.9848537            0.0008091    0.98390484   0.00087185   0.00025552  
        -0.0038714            0.9854677            0.0008093    0.98301093   0.00087212   0.00085008  
        -0.0029882            0.9841073            0.0008088    0.98224717   0.00087152   0.00012345  
        -0.0021052            0.9846081            0.0008090    0.98306108   0.00087174   0.00096208  
        -0.0012222            0.9836431            0.0008086    0.98203347   0.00087131  -0.00004728  
        -0.0003392            0.9837354            0.0008086    0.98229634   0.00087135   0.00022262  
         0.0005440            0.9836003            0.0008086    0.98203731   0.00087129  -0.00003684  
         0.0014270            0.9833167            0.0008085    0.98246371   0.00087117   0.00037880  
         0.0023100            0.9832918            0.0008084    0.98256514   0.00087116   0.00046164  
         0.0031930            0.9822779            0.0008080    0.98141376   0.00087071  -0.00071534  
         0.0139383            0.9864246            0.0008097    0.98305443   0.00087254  -0.00041063  
         0.0148214            0.9845497            0.0008090    0.98292422   0.00087171  -0.00078395  
         0.0157045            0.9853228            0.0008093    0.98393082   0.00087206  -0.00006770  
         0.0165875            0.9849368            0.0008091    0.98361987   0.00087189  -0.00072564  
         0.0174705            0.9857267            0.0008094    0.98516759   0.00087224   0.00037413  
         0.0183536            0.9878618            0.0008103    0.98644494   0.00087318   0.00063090  
         0.0192367            0.9889276            0.0008108    0.98803355   0.00087365   0.00006162  
         0.0201197            0.9904798            0.0008114    0.99045506   0.00087434  -0.00007334  
         0.0210027            0.9942242            0.0008129    0.99343826   0.00087599   0.00025910  
