         0.7655000            0.0005000    0.01586544   0.00341002  
         0.7655000            0.0010000    0.01544905   0.00229203  
         0.7655000            0.0015000    0.01516862   0.00177602  
         0.7655000            0.0025000    0.01461913   0.00140220  
         0.7655000            0.0035000    0.01462635   0.00116722  
         0.7655000            0.0045000    0.01474889   0.00102779  
         0.7655000            0.0055000    0.01498395   0.00099247  
         0.7655000            0.0065000    0.01490261   0.00084130  
         0.7655000            0.0075000    0.01471506   0.00077580  
         0.7655000            0.0085000    0.01482145   0.00069688  
         0.7655000            0.0095000    0.01487850   0.00066145  
         0.7655000            0.0105000    0.01502520   0.00063239  
         0.7655000            0.0115000    0.01508739   0.00060183  
         0.7655000            0.0125000    0.01512988   0.00059528  
