        -0.0394845            1.0023292            0.0009376    1.00089503   0.00103302   0.00089295  
        -0.0386014            1.0000000            0.0009365    0.99926676   0.00103181  -0.00073103  
        -0.0377184            1.0005831            0.0009368    0.99961886   0.00103212  -0.00038008  
        -0.0368353            1.0010131            0.0009370    1.00034272   0.00103234   0.00034166  
        -0.0359523            0.9992969            0.0009362    0.99957679   0.00103145  -0.00042150  
        -0.0350692            1.0001361            0.0009366    1.00030870   0.00103188   0.00030749  
        -0.0341862            0.9990337            0.0009361    0.99976249   0.00103132  -0.00023645  
        -0.0333031            0.9992857            0.0009362    0.99981935   0.00103145  -0.00017988  
        -0.0324201            1.0008314            0.0009369    1.00032020   0.00103224   0.00031916  
        -0.0216779            0.9973587            0.0009353    0.99516942   0.00103045  -0.00011888  
        -0.0207948            0.9949578            0.0009342    0.99278388   0.00102921   0.00003311  
        -0.0199118            0.9924015            0.0009329    0.99042865   0.00102789   0.00028119  
        -0.0190288            0.9896780            0.0009317    0.98794127   0.00102648   0.00022833  
        -0.0181457            0.9875077            0.0009306    0.98637106   0.00102535   0.00054157  
        -0.0172626            0.9861667            0.0009300    0.98516941   0.00102465  -0.00003270  
        -0.0163796            0.9853120            0.0009296    0.98428676   0.00102421  -0.00054471  
        -0.0154966            0.9853817            0.0009296    0.98477082   0.00102425   0.00023265  
        -0.0146135            0.9841507            0.0009291    0.98301538   0.00102361  -0.00127347  
        -0.0038714            0.9860044            0.0009299    0.98347791   0.00102457   0.00050086  
        -0.0029882            0.9850110            0.0009295    0.98273327   0.00102405  -0.00021082  
        -0.0021052            0.9849849            0.0009295    0.98295599   0.00102404   0.00003455  
        -0.0012222            0.9851940            0.0009296    0.98319053   0.00102415   0.00028297  
        -0.0003392            0.9850310            0.0009295    0.98307504   0.00102406   0.00017444  
         0.0005440            0.9835273            0.0009288    0.98188653   0.00102328  -0.00101253  
         0.0014270            0.9838038            0.0009289    0.98281142   0.00102342  -0.00009805  
         0.0023100            0.9853033            0.0009296    0.98446704   0.00102420   0.00153680  
         0.0031930            0.9843822            0.0009292    0.98332927   0.00102373   0.00037713  
         0.0139383            0.9870961            0.0009305    0.98347997   0.00102514  -0.00064942  
         0.0148214            0.9858894            0.0009299    0.98416121   0.00102451  -0.00018524  
         0.0157045            0.9865421            0.0009302    0.98448925   0.00102485  -0.00011317  
         0.0165875            0.9869189            0.0009304    0.98516308   0.00102504   0.00025070  
         0.0174705            0.9862099            0.0009300    0.98498223   0.00102468  -0.00032334  
         0.0183536            0.9885430            0.0009311    0.98701981   0.00102589   0.00083192  
         0.0192367            0.9883843            0.0009311    0.98737505   0.00102580  -0.00087760  
         0.0201197            0.9909958            0.0009323    0.99074382   0.00102716  -0.00001006  
         0.0210027            0.9946343            0.0009340    0.99360489   0.00102904   0.00024220  
