        -0.0394845            1.0001744            0.0009732    0.99999738   0.00094261  -0.00000263  
        -0.0386014            1.0000000            0.0009731    0.99982819   0.00094253  -0.00017202  
        -0.0377184            0.9997253            0.0009730    0.99938594   0.00094240  -0.00061492  
        -0.0368353            1.0003680            0.0009733    0.99992217   0.00094270  -0.00007795  
        -0.0359523            1.0001267            0.0009732    0.99975188   0.00094259  -0.00024848  
        -0.0350692            0.9990617            0.0009727    0.99958892   0.00094209  -0.00041130  
        -0.0341862            0.9993101            0.0009728    1.00085453   0.00094221   0.00085412  
        -0.0333031            0.9977502            0.0009720    1.00023912   0.00094147   0.00023878  
        -0.0324201            0.9970072            0.0009717    0.99973860   0.00094112  -0.00026096  
        -0.0216779            0.9963294            0.0009713    0.99660838   0.00094080   0.00043858  
        -0.0207948            0.9937768            0.0009701    0.99430592   0.00093959   0.00041183  
        -0.0199118            0.9910997            0.0009688    0.99132471   0.00093833  -0.00017246  
        -0.0190288            0.9900817            0.0009683    0.99003548   0.00093785   0.00083608  
        -0.0181457            0.9870501            0.0009668    0.98702493   0.00093641  -0.00035183  
        -0.0172626            0.9861601            0.0009664    0.98697796   0.00093599   0.00037636  
        -0.0163796            0.9838060            0.0009652    0.98575882   0.00093487  -0.00029528  
        -0.0154966            0.9824432            0.0009645    0.98520966   0.00093422  -0.00039872  
        -0.0146135            0.9828923            0.0009648    0.98592012   0.00093443   0.00068572  
        -0.0038714            0.9820685            0.0009644    0.98273056   0.00093404  -0.00042065  
        -0.0029882            0.9821726            0.0009644    0.98302478   0.00093409  -0.00007406  
        -0.0021052            0.9820837            0.0009644    0.98267888   0.00093405  -0.00038321  
        -0.0012222            0.9830930            0.0009649    0.98345045   0.00093453   0.00041274  
        -0.0003392            0.9822669            0.0009645    0.98282947   0.00093414  -0.00019728  
         0.0005440            0.9819474            0.0009643    0.98302717   0.00093398  -0.00000098  
         0.0014270            0.9810935            0.0009639    0.98309630   0.00093358   0.00005380  
         0.0023100            0.9798503            0.0009633    0.98286703   0.00093299  -0.00020175  
         0.0031930            0.9796204            0.0009631    0.98295541   0.00093288  -0.00015400  
         0.0139383            0.9839107            0.0009653    0.98490715   0.00093492  -0.00007409  
         0.0148214            0.9845499            0.0009656    0.98568146   0.00093522   0.00036393  
         0.0157045            0.9844255            0.0009655    0.98546363   0.00093516  -0.00024312  
         0.0165875            0.9859540            0.0009663    0.98653952   0.00093589   0.00036752  
         0.0174705            0.9860256            0.0009663    0.98662617   0.00093592  -0.00012741  
         0.0183536            0.9869711            0.0009668    0.98819873   0.00093637   0.00047300  
         0.0192367            0.9869822            0.0009668    0.98910844   0.00093638  -0.00060767  
         0.0201197            0.9893695            0.0009679    0.99237544   0.00093751   0.00031411  
         0.0210027            0.9904738            0.0009685    0.99411789   0.00093803  -0.00033030  
