        -0.0394845            0.9993424            0.0037320    1.00055124   0.00375475   0.00055244  
        -0.0386014            1.0000000            0.0037333    1.00017133   0.00375599   0.00017188  
        -0.0377184            0.9990117            0.0037314    0.99962825   0.00375413  -0.00037278  
        -0.0368353            0.9965751            0.0037269    0.99817271   0.00374955  -0.00183053  
        -0.0359523            0.9990548            0.0037315    1.00010984   0.00375421   0.00011010  
        -0.0350692            1.0034020            0.0037396    1.00564365   0.00376237   0.00565008  
        -0.0341862            0.9975710            0.0037287    0.99997863   0.00375142  -0.00002139  
        -0.0333031            0.9954640            0.0037248    0.99847074   0.00374746  -0.00152981  
        -0.0324201            0.9927871            0.0037198    0.99769712   0.00374242  -0.00229929  
        -0.0216779            0.9909857            0.0037164    0.99322148   0.00373902  -0.00283879  
        -0.0207948            0.9937820            0.0037216    0.99542207   0.00374429   0.00168675  
        -0.0199118            0.9913510            0.0037171    0.99310297   0.00373971   0.00179954  
        -0.0190288            0.9837201            0.0037027    0.98576127   0.00372529  -0.00323435  
        -0.0181457            0.9852604            0.0037056    0.98727117   0.00372820   0.00009721  
        -0.0172626            0.9836867            0.0037027    0.98680425   0.00372522   0.00036137  
        -0.0163796            0.9812596            0.0036981    0.98506070   0.00372063  -0.00087305  
        -0.0154966            0.9828680            0.0037011    0.98671652   0.00372367   0.00119160  
        -0.0146135            0.9815311            0.0036986    0.98635825   0.00372114   0.00117541  
        -0.0038714            0.9827217            0.0037009    0.98500710   0.00372340   0.00166867  
        -0.0029882            0.9809998            0.0036976    0.98225601   0.00372013  -0.00104281  
        -0.0021052            0.9839652            0.0037032    0.98523577   0.00372575   0.00197496  
        -0.0012222            0.9824610            0.0037004    0.98438365   0.00372290   0.00114118  
        -0.0003392            0.9798425            0.0036954    0.98291260   0.00371794  -0.00032175  
         0.0005440            0.9788210            0.0036935    0.98194326   0.00371600  -0.00129253  
         0.0014270            0.9779915            0.0036919    0.98118997   0.00371442  -0.00205820  
         0.0023100            0.9796340            0.0036950    0.98333424   0.00371754   0.00006299  
         0.0031930            0.9789343            0.0036937    0.98335179   0.00371621   0.00004594  
         0.0139383            0.9821147            0.0036997    0.98585006   0.00372225   0.00089669  
         0.0148214            0.9827395            0.0037009    0.98296960   0.00372343  -0.00229456  
         0.0157045            0.9835245            0.0037024    0.98488778   0.00372492  -0.00072765  
         0.0165875            0.9870370            0.0037090    0.98827542   0.00373156   0.00223687  
         0.0174705            0.9835525            0.0037024    0.98530082   0.00372497  -0.00128501  
         0.0183536            0.9851943            0.0037055    0.98780311   0.00372808   0.00028531  
         0.0192367            0.9855449            0.0037062    0.98834080   0.00372874  -0.00117045  
         0.0201197            0.9894037            0.0037134    0.99192236   0.00373603   0.00004469  
         0.0210027            0.9923288            0.0037189    0.99644922   0.00374155   0.00214587  
