        -0.0394845            1.0010118            0.0010407    1.00031686   0.00123742   0.00031627  
        -0.0386014            1.0000000            0.0010402    0.99985511   0.00123680  -0.00014454  
        -0.0377184            0.9978262            0.0010391    0.99844371   0.00123545  -0.00155132  
        -0.0368353            0.9996511            0.0010400    1.00007574   0.00123658   0.00007551  
        -0.0359523            0.9979664            0.0010391    0.99948959   0.00123554  -0.00050832  
        -0.0350692            0.9981780            0.0010393    0.99964093   0.00123567  -0.00035763  
        -0.0341862            0.9988602            0.0010396    1.00055852   0.00123609   0.00055614  
        -0.0333031            0.9988880            0.0010396    1.00052006   0.00123611   0.00051788  
        -0.0324201            1.0000295            0.0010402    1.00029706   0.00123682   0.00029622  
        -0.0216779            0.9972469            0.0010388    0.99551947   0.00123509  -0.00004253  
        -0.0207948            0.9950074            0.0010376    0.99386440   0.00123371   0.00077280  
        -0.0199118            0.9916871            0.0010359    0.99083830   0.00123165   0.00027674  
        -0.0190288            0.9889490            0.0010344    0.98846189   0.00122994   0.00024219  
        -0.0181457            0.9872651            0.0010336    0.98716231   0.00122890   0.00067739  
        -0.0172626            0.9866891            0.0010333    0.98657767   0.00122854   0.00059567  
        -0.0163796            0.9854037            0.0010326    0.98563941   0.00122774  -0.00001128  
        -0.0154966            0.9853064            0.0010325    0.98541311   0.00122768   0.00002646  
        -0.0146135            0.9852088            0.0010325    0.98473987   0.00122762  -0.00042544  
        -0.0038714            0.9850215            0.0010324    0.98367924   0.00122750  -0.00031082  
        -0.0029882            0.9852186            0.0010325    0.98406604   0.00122762   0.00010391  
        -0.0021052            0.9845266            0.0010321    0.98379546   0.00122719  -0.00014619  
        -0.0012222            0.9849537            0.0010323    0.98429526   0.00122746   0.00036560  
        -0.0003392            0.9843080            0.0010320    0.98333750   0.00122705  -0.00058438  
         0.0005440            0.9835992            0.0010316    0.98314823   0.00122661  -0.00077376  
         0.0014270            0.9836677            0.0010317    0.98348074   0.00122666  -0.00044955  
         0.0023100            0.9838030            0.0010317    0.98361124   0.00122674  -0.00033382  
         0.0031930            0.9850935            0.0010324    0.98429009   0.00122754   0.00032158  
         0.0139383            0.9880162            0.0010339    0.98468903   0.00122936  -0.00033124  
         0.0148214            0.9864849            0.0010331    0.98602069   0.00122841   0.00080350  
         0.0157045            0.9861484            0.0010330    0.98485214   0.00122820  -0.00059133  
         0.0165875            0.9865518            0.0010332    0.98562889   0.00122845  -0.00009209  
         0.0174705            0.9872580            0.0010336    0.98629601   0.00122889   0.00022235  
         0.0183536            0.9888966            0.0010344    0.98810505   0.00122991   0.00130943  
         0.0192367            0.9895144            0.0010347    0.98887704   0.00123030   0.00013975  
         0.0201197            0.9906355            0.0010353    0.99027581   0.00123099  -0.00087158  
         0.0210027            0.9949351            0.0010376    0.99360308   0.00123366  -0.00008285  
