        -0.0394845            1.0007392            0.0006370    0.99977412   0.00072394  -0.00022563  
        -0.0386014            1.0000000            0.0006368    0.99974570   0.00072367  -0.00025384  
        -0.0377184            1.0005073            0.0006369    1.00047498   0.00072385   0.00047401  
        -0.0368353            0.9999458            0.0006367    0.99995497   0.00072365  -0.00004493  
        -0.0359523            0.9991372            0.0006365    0.99967089   0.00072336  -0.00032825  
        -0.0350692            0.9997386            0.0006367    1.00031911   0.00072357   0.00031826  
        -0.0341862            0.9992045            0.0006365    1.00014324   0.00072338   0.00014281  
        -0.0333031            0.9985130            0.0006363    0.99957293   0.00072313  -0.00042573  
        -0.0324201            0.9994623            0.0006366    1.00004152   0.00072347   0.00004141  
        -0.0216779            0.9976269            0.0006360    0.99610821   0.00072281   0.00058300  
        -0.0207948            0.9934538            0.0006347    0.99252401   0.00072130  -0.00053076  
        -0.0199118            0.9914005            0.0006340    0.99074059   0.00072055   0.00023600  
        -0.0190288            0.9887770            0.0006332    0.98829648   0.00071960   0.00019352  
        -0.0181457            0.9861077            0.0006323    0.98591491   0.00071862  -0.00031237  
        -0.0172626            0.9848509            0.0006319    0.98475702   0.00071817  -0.00079658  
        -0.0163796            0.9851516            0.0006320    0.98527259   0.00071828   0.00013964  
        -0.0154966            0.9854527            0.0006321    0.98585098   0.00071839   0.00105588  
        -0.0146135            0.9845162            0.0006318    0.98476083   0.00071804   0.00025161  
        -0.0038714            0.9843726            0.0006318    0.98270503   0.00071799  -0.00026348  
        -0.0029882            0.9839293            0.0006316    0.98289600   0.00071783  -0.00003460  
        -0.0021052            0.9835981            0.0006315    0.98289293   0.00071771  -0.00001056  
        -0.0012222            0.9837941            0.0006316    0.98315483   0.00071778   0.00026798  
        -0.0003392            0.9841118            0.0006317    0.98343607   0.00071790   0.00055692  
         0.0005440            0.9833808            0.0006314    0.98300105   0.00071763   0.00012141  
         0.0014270            0.9822741            0.0006311    0.98227053   0.00071723  -0.00061781  
         0.0023100            0.9820635            0.0006310    0.98227559   0.00071715  -0.00063164  
         0.0031930            0.9826722            0.0006312    0.98282485   0.00071737  -0.00011349  
         0.0139383            0.9869181            0.0006326    0.98442374   0.00071892   0.00010400  
         0.0148214            0.9856188            0.0006322    0.98477444   0.00071845   0.00020214  
         0.0157045            0.9853590            0.0006321    0.98445288   0.00071835  -0.00041405  
         0.0165875            0.9858925            0.0006323    0.98522356   0.00071855   0.00000041  
         0.0174705            0.9864561            0.0006324    0.98593781   0.00071875   0.00026335  
         0.0183536            0.9867692            0.0006325    0.98629884   0.00071887  -0.00028638  
         0.0192367            0.9886619            0.0006331    0.98850883   0.00071955  -0.00013037  
         0.0201197            0.9919123            0.0006342    0.99220663   0.00072074   0.00110371  
         0.0210027            0.9930074            0.0006345    0.99302185   0.00072113  -0.00062885  
