        -0.0394845            1.0005101            0.0007080    1.00013130   0.00078181   0.00013109  
        -0.0386014            1.0000000            0.0007078    1.00026261   0.00078161   0.00026203  
        -0.0377184            0.9990972            0.0007075    0.99946578   0.00078126  -0.00053298  
        -0.0368353            0.9992176            0.0007075    0.99990442   0.00078131  -0.00009533  
        -0.0359523            0.9978012            0.0007070    0.99903978   0.00078075  -0.00095715  
        -0.0350692            0.9993331            0.0007076    1.00057982   0.00078135   0.00057797  
        -0.0341862            0.9990004            0.0007075    1.00063087   0.00078122   0.00062861  
        -0.0333031            0.9978862            0.0007071    0.99966621   0.00078079  -0.00033255  
        -0.0324201            0.9985941            0.0007073    1.00040825   0.00078106   0.00040672  
        -0.0216779            0.9965274            0.0007066    0.99555729   0.00078026   0.00000471  
        -0.0207948            0.9938383            0.0007056    0.99315812   0.00077920   0.00006332  
        -0.0199118            0.9908846            0.0007046    0.99054632   0.00077804   0.00000002  
        -0.0190288            0.9885359            0.0007037    0.98847596   0.00077712   0.00034114  
        -0.0181457            0.9860280            0.0007028    0.98635846   0.00077613   0.00013315  
        -0.0172626            0.9849811            0.0007025    0.98544408   0.00077572  -0.00005201  
        -0.0163796            0.9838862            0.0007021    0.98441749   0.00077529  -0.00061934  
        -0.0154966            0.9829063            0.0007017    0.98387358   0.00077491  -0.00079312  
        -0.0146135            0.9829210            0.0007017    0.98411910   0.00077491  -0.00024066  
        -0.0038714            0.9842826            0.0007022    0.98291231   0.00077545   0.00023714  
        -0.0029882            0.9833090            0.0007019    0.98235271   0.00077506  -0.00028021  
        -0.0021052            0.9839052            0.0007021    0.98332022   0.00077530   0.00071606  
        -0.0012222            0.9832631            0.0007019    0.98286604   0.00077505   0.00028115  
        -0.0003392            0.9827764            0.0007017    0.98251282   0.00077485  -0.00006264  
         0.0005440            0.9828820            0.0007017    0.98282396   0.00077490   0.00024676  
         0.0014270            0.9832224            0.0007018    0.98357433   0.00077503   0.00098412  
         0.0023100            0.9817815            0.0007013    0.98241454   0.00077446  -0.00019384  
         0.0031930            0.9818041            0.0007013    0.98278575   0.00077447   0.00014336  
         0.0139383            0.9859100            0.0007028    0.98379656   0.00077609  -0.00035847  
         0.0148214            0.9853644            0.0007026    0.98445970   0.00077587   0.00003022  
         0.0157045            0.9853833            0.0007026    0.98459007   0.00077588  -0.00016037  
         0.0165875            0.9852066            0.0007026    0.98474055   0.00077581  -0.00039545  
         0.0174705            0.9855989            0.0007027    0.98551464   0.00077597  -0.00010980  
         0.0183536            0.9865495            0.0007030    0.98637014   0.00077634  -0.00022428  
         0.0192367            0.9886097            0.0007038    0.98876497   0.00077715   0.00008974  
         0.0201197            0.9904923            0.0007044    0.99121403   0.00077789   0.00007113  
         0.0210027            0.9929939            0.0007053    0.99375499   0.00077887   0.00006557  
