        -0.0394845            1.0006718            0.0007357    1.00016062   0.00080400   0.00016050  
        -0.0386014            1.0000000            0.0007355    0.99993544   0.00080373  -0.00006449  
        -0.0377184            0.9993076            0.0007352    1.00008601   0.00080345   0.00008583  
        -0.0368353            0.9986603            0.0007350    0.99950535   0.00080319  -0.00049360  
        -0.0359523            0.9984084            0.0007349    1.00010850   0.00080309   0.00010818  
        -0.0350692            0.9981236            0.0007348    0.99980196   0.00080297  -0.00019746  
        -0.0341862            0.9989523            0.0007351    1.00069029   0.00080331   0.00068821  
        -0.0333031            0.9980168            0.0007348    0.99985877   0.00080293  -0.00014079  
        -0.0324201            0.9983154            0.0007349    0.99982635   0.00080305  -0.00017317  
        -0.0216779            0.9967353            0.0007343    0.99568149   0.00080242  -0.00020565  
        -0.0207948            0.9942038            0.0007334    0.99367920   0.00080140   0.00016223  
        -0.0199118            0.9911214            0.0007322    0.99110152   0.00080015   0.00004708  
        -0.0190288            0.9876742            0.0007309    0.98823751   0.00079876  -0.00049500  
        -0.0181457            0.9860321            0.0007303    0.98707493   0.00079810   0.00012596  
        -0.0172626            0.9854435            0.0007301    0.98642881   0.00079786   0.00012809  
        -0.0163796            0.9846431            0.0007298    0.98582153   0.00079753  -0.00003514  
        -0.0154966            0.9840394            0.0007296    0.98520586   0.00079729  -0.00029262  
        -0.0146135            0.9846433            0.0007298    0.98590743   0.00079753   0.00070617  
        -0.0038714            0.9843729            0.0007297    0.98365949   0.00079742   0.00008320  
        -0.0029882            0.9841788            0.0007296    0.98375529   0.00079735   0.00021875  
        -0.0021052            0.9833045            0.0007293    0.98342570   0.00079699  -0.00008240  
        -0.0012222            0.9832063            0.0007293    0.98373130   0.00079695   0.00024086  
        -0.0003392            0.9834867            0.0007294    0.98399590   0.00079707   0.00051362  
         0.0005440            0.9821729            0.0007289    0.98317648   0.00079653  -0.00030531  
         0.0014270            0.9823794            0.0007290    0.98346716   0.00079662  -0.00002616  
         0.0023100            0.9821186            0.0007289    0.98320482   0.00079651  -0.00030819  
         0.0031930            0.9819355            0.0007288    0.98301093   0.00079644  -0.00053253  
         0.0139383            0.9866776            0.0007306    0.98496160   0.00079836  -0.00003829  
         0.0148214            0.9849801            0.0007299    0.98495987   0.00079767  -0.00030636  
         0.0157045            0.9860068            0.0007303    0.98573143   0.00079809   0.00015392  
         0.0165875            0.9856814            0.0007302    0.98609858   0.00079795   0.00014655  
         0.0174705            0.9856152            0.0007302    0.98618106   0.00079793  -0.00024299  
         0.0183536            0.9864075            0.0007305    0.98730191   0.00079825   0.00002202  
         0.0192367            0.9883456            0.0007312    0.98930382   0.00079903   0.00005251  
         0.0201197            0.9906681            0.0007320    0.99177095   0.00079997   0.00014027  
         0.0210027            0.9934275            0.0007331    0.99425092   0.00080108   0.00015915  
