        -0.0394845            1.0014897            0.0010682    1.00071026   0.00117841   0.00071047  
        -0.0386014            1.0000000            0.0010674    0.99968635   0.00117753  -0.00031360  
        -0.0377184            0.9997034            0.0010672    1.00030039   0.00117736   0.00030006  
        -0.0368353            1.0006864            0.0010678    1.00048611   0.00117794   0.00048597  
        -0.0359523            0.9992748            0.0010670    0.99955752   0.00117711  -0.00044214  
        -0.0350692            0.9998926            0.0010673    1.00016978   0.00117747   0.00016965  
        -0.0341862            0.9986794            0.0010667    0.99903297   0.00117676  -0.00096622  
        -0.0333031            0.9986208            0.0010667    0.99976232   0.00117672  -0.00023730  
        -0.0324201            0.9989769            0.0010668    1.00031778   0.00117693   0.00031720  
        -0.0216779            0.9985063            0.0010666    0.99717663   0.00117665   0.00106704  
        -0.0207948            0.9932882            0.0010638    0.99312726   0.00117357  -0.00068677  
        -0.0199118            0.9912578            0.0010627    0.99137330   0.00117237  -0.00003142  
        -0.0190288            0.9880740            0.0010610    0.98848922   0.00117049  -0.00061781  
        -0.0181457            0.9862540            0.0010600    0.98687389   0.00116941  -0.00042821  
        -0.0172626            0.9853666            0.0010595    0.98561260   0.00116889  -0.00095442  
        -0.0163796            0.9857621            0.0010598    0.98659031   0.00116912   0.00053925  
        -0.0154966            0.9857015            0.0010597    0.98682796   0.00116908   0.00119603  
        -0.0146135            0.9829471            0.0010582    0.98473160   0.00116745  -0.00054229  
        -0.0038714            0.9844189            0.0010590    0.98355169   0.00116832   0.00023981  
        -0.0029882            0.9828889            0.0010582    0.98302403   0.00116742  -0.00023857  
        -0.0021052            0.9826531            0.0010581    0.98309468   0.00116728  -0.00013316  
        -0.0012222            0.9827607            0.0010581    0.98331704   0.00116734   0.00011154  
        -0.0003392            0.9844244            0.0010590    0.98449832   0.00116833   0.00130292  
         0.0005440            0.9823767            0.0010579    0.98319673   0.00116711   0.00000065  
         0.0014270            0.9818650            0.0010577    0.98270657   0.00116681  -0.00050234  
         0.0023100            0.9821773            0.0010578    0.98331436   0.00116699   0.00007941  
         0.0031930            0.9817441            0.0010576    0.98327741   0.00116674   0.00000434  
         0.0139383            0.9854767            0.0010596    0.98380534   0.00116895  -0.00123378  
         0.0148214            0.9851057            0.0010594    0.98537684   0.00116873   0.00002199  
         0.0157045            0.9860432            0.0010599    0.98579791   0.00116929   0.00007578  
         0.0165875            0.9858303            0.0010598    0.98621136   0.00116916   0.00004968  
         0.0174705            0.9870315            0.0010604    0.98689777   0.00116987   0.00018634  
         0.0183536            0.9876043            0.0010608    0.98824159   0.00117021   0.00059657  
         0.0192367            0.9885525            0.0010613    0.98929574   0.00117077  -0.00032669  
         0.0201197            0.9914348            0.0010628    0.99241820   0.00117248   0.00044707  
         0.0210027            0.9928744            0.0010636    0.99413753   0.00117333  -0.00023521  
