        -0.0394845            1.0026038            0.0022382    1.00169677   0.00271311   0.00169577  
        -0.0386014            1.0000000            0.0022353    0.99902349   0.00270958  -0.00097601  
        -0.0377184            1.0000419            0.0022353    0.99947937   0.00270964  -0.00052014  
        -0.0368353            0.9997055            0.0022349    0.99818588   0.00270918  -0.00181417  
        -0.0359523            1.0006865            0.0022360    1.00030941   0.00271051   0.00030906  
        -0.0350692            1.0009706            0.0022363    1.00026047   0.00271090   0.00026027  
        -0.0341862            1.0021494            0.0022377    1.00120045   0.00271249   0.00119979  
        -0.0333031            0.9989339            0.0022341    0.99838618   0.00270814  -0.00161230  
        -0.0324201            1.0023816            0.0022379    1.00127713   0.00271281   0.00127663  
        -0.0216779            0.9982208            0.0022333    0.99629483   0.00270717   0.00069171  
        -0.0207948            0.9944752            0.0022291    0.99293698   0.00270209  -0.00021325  
        -0.0199118            0.9926321            0.0022270    0.99143169   0.00269958   0.00080874  
        -0.0190288            0.9882073            0.0022220    0.98800617   0.00269356  -0.00025138  
        -0.0181457            0.9834564            0.0022167    0.98459853   0.00268708  -0.00184826  
        -0.0172626            0.9866835            0.0022203    0.98679754   0.00269148   0.00094495  
        -0.0163796            0.9846012            0.0022180    0.98469249   0.00268864  -0.00076741  
        -0.0154966            0.9850671            0.0022185    0.98554245   0.00268928   0.00039379  
        -0.0146135            0.9840225            0.0022173    0.98461395   0.00268785  -0.00027209  
        -0.0038714            0.9848641            0.0022183    0.98251714   0.00268900  -0.00097234  
        -0.0029882            0.9850956            0.0022185    0.98382322   0.00268931   0.00036845  
        -0.0021052            0.9864425            0.0022201    0.98524738   0.00269115   0.00181619  
        -0.0012222            0.9844539            0.0022178    0.98390865   0.00268844   0.00049284  
        -0.0003392            0.9852811            0.0022187    0.98450592   0.00268957   0.00109707  
         0.0005440            0.9813351            0.0022143    0.98223406   0.00268418  -0.00117214  
         0.0014270            0.9829487            0.0022161    0.98377696   0.00268638   0.00035793  
         0.0023100            0.9828060            0.0022160    0.98325265   0.00268619  -0.00018233  
         0.0031930            0.9827775            0.0022159    0.98328504   0.00268615  -0.00017641  
         0.0139383            0.9861934            0.0022198    0.98376230   0.00269081  -0.00095179  
         0.0148214            0.9870680            0.0022208    0.98521638   0.00269201   0.00027146  
         0.0157045            0.9866977            0.0022203    0.98406741   0.00269150  -0.00115042  
         0.0165875            0.9857769            0.0022193    0.98519494   0.00269024  -0.00034923  
         0.0174705            0.9868378            0.0022205    0.98627877   0.00269169   0.00031763  
         0.0183536            0.9873444            0.0022211    0.98820972   0.00269238   0.00141949  
         0.0192367            0.9876685            0.0022214    0.98881097   0.00269282   0.00002674  
         0.0201197            0.9900610            0.0022241    0.99128021   0.00269608   0.00006777  
         0.0210027            0.9925307            0.0022269    0.99318698   0.00269944  -0.00055449  
