#Wavelength (um)	Mean (Fp/Fs)	Lower 1-sig (Fp/Fs)	Upper 1-sig (Fp/Fs)	Lower 2-sig (Fp/Fs)	Upper 2-sig (Fp/Fs)	Lower 3-sig (Fp/Fs)	Upper 3-sig (Fp/Fs)
0.2861230329041490	0.12565852132894400	0.1251650633331920	0.12610895100703400	0.12482171640091600	0.12646190915922000	0.1243819619467870	0.12725888515937700
0.28694404591104700	0.12564728568640700	0.12515817061028900	0.1260993275221360	0.12481670079442400	0.1264545157110960	0.12437772729770000	0.12724647315523900
0.28776978417266200	0.12563945447128700	0.12514966734714700	0.12609039135005400	0.12481183651600800	0.1264478722507360	0.12437375757227500	0.12723448651108800
0.2886002886002890	0.1256279263035620	0.1251404867384020	0.1260792064353100	0.12480101724877600	0.12643375355988600	0.12436820363515000	0.12721700790601500
0.2894356005788710	0.12561936466565400	0.1251330392483720	0.12606976625956500	0.1247953136528290	0.12642582364242900	0.12436384747637900	0.12720382905452400
0.29027576197387500	0.1256080896185570	0.12512389900175800	0.1260587518507830	0.12478705920921100	0.12641307879143800	0.12435838523927000	0.127188563134303
0.29112081513828200	0.12559857048340300	0.12511685358187800	0.12604292568997100	0.12478369946534100	0.12640514776294900	0.12435357667374000	0.12717785333604400
0.291970802919708	0.12558905209365200	0.12510924320746300	0.12603135382489200	0.12477011007141900	0.12639509262521600	0.12434874420807600	0.12716151901242100
0.29282576866764300	0.1255789751411540	0.12510151877273300	0.12602010373424100	0.12476551066787400	0.12638278684611000	0.12434359624746900	0.12715019569382600
0.2936857562408220	0.12556644081765500	0.1250908425642140	0.12600082335759100	0.12474939426094100	0.12636543438265900	0.12433645950061200	0.127132151562827
0.29455081001472800	0.1255640710577340	0.12509006001296200	0.12599776876156300	0.12475752005219400	0.12635875192313700	0.12433350854551000	0.127125862921556
0.29542097488921700	0.12554437092644400	0.12507482660648500	0.12597377906577500	0.1247348989203380	0.12633807757090400	0.12432564305601900	0.12710382598476700
0.2962962962962960	0.12554229696650500	0.12507161839283400	0.12597446948044400	0.12474085209319300	0.12633180759936200	0.1243229663124900	0.12709258939826900
0.2971768202080240	0.12552443584742400	0.12505974245744800	0.12594851744307100	0.12473208592986800	0.12631469497274900	0.1243147436335920	0.12708619626340100
0.29806259314456000	0.1255122186232080	0.12505121601779900	0.12593659962006100	0.12472420182395100	0.12629942417683400	0.12430955662756400	0.12706012786174100
0.29895366218236200	0.12550933685695500	0.1250476388066600	0.12594009077285100	0.12471523272691300	0.126292058281728	0.12430672361369800	0.127046189932091
0.29985007496251900	0.1254902531778740	0.1250343633723300	0.12591146531274700	0.1247073190170050	0.12627253206699600	0.12429840564859400	0.12703136062303300
0.3007518796992480	0.12547699894719100	0.12502452763344800	0.12589886011063400	0.12470169804370100	0.12625600197369400	0.1242925107384360	0.1270099329485520
0.30165912518853700	0.1254673269679420	0.12501558318600300	0.1258868703720140	0.12469486765966700	0.12624217233464700	0.12428714005271100	0.12699096993597000
0.30257186081694400	0.12545774346597900	0.12500804933738400	0.1258885152886200	0.1246948828380610	0.12624245959790900	0.12428124322024600	0.12699629789100800
0.30349013657056100	0.1254551356642670	0.125006407682784	0.1258754841379120	0.1246834041172480	0.1262245461959690	0.12427878912320000	0.12697367469545600
0.30441400304414	0.12543371855601000	0.12498651086246000	0.12586016480081300	0.12467241511929900	0.1262013385299400	0.12426991895830700	0.12694663812719300
0.3053435114503820	0.12542189868068300	0.12497643647223800	0.12584550774013100	0.12466209944635300	0.12618682364513500	0.12426401340446500	0.12692510556008800
0.30627871362940300	0.12541268284349900	0.12496853485928800	0.12583309528209900	0.1246545520114210	0.12617565830372900	0.12425803661910900	0.12691430221713600
0.30721966205837200	0.12540362670266800	0.12495853859997500	0.12582033249256100	0.12464531796014200	0.12616149136340100	0.12425217606824500	0.12689291165737500
0.3081664098613250	0.12539248891068600	0.12494947015431000	0.12580932683239400	0.12463724501863400	0.1261486388225880	0.12424616024412700	0.126876476091112
0.3091190108191650	0.12538009654890500	0.12494065091488800	0.12579860238617000	0.12462938777474300	0.12613612513585400	0.1242402954906030	0.1268605747539240
0.31007751937984500	0.12538174324108100	0.12494102125140200	0.12579481181566800	0.12462798569000200	0.12613302796523300	0.12423813913202800	0.12685965156032500
0.3110419906687400	0.12535990630067000	0.12492207125201000	0.125775948551904	0.12461280488145500	0.12610972212949400	0.12422789896923400	0.1268271104365460
0.31201248049922	0.12535228739149100	0.1249130463240540	0.1257629444272520	0.12460473572175200	0.1260968781225650	0.12422185778869800	0.12681087499543000
0.3129890453834120	0.12533941074475000	0.12490377868584600	0.1257516951023940	0.12459643958202000	0.12608367582479600	0.12421564080479000	0.12679420950816400
0.3139717425431710	0.12532519284186200	0.12489437439726600	0.1257382905001470	0.12458801385551800	0.12607026448686300	0.12420931708858000	0.12677736144760000
0.31496062992126000	0.12531355666850300	0.124884703663068	0.12571984526565100	0.12456950072942400	0.12605646273817600	0.124202802705427	0.1267599617248060
0.315955766192733	0.12530740876359800	0.1248791416491310	0.1257107579995210	0.12457389309352100	0.12604650497694700	0.12419816359796600	0.1267471933422980
0.31695721077654500	0.12529601441595300	0.12486603526679400	0.12569485971043900	0.1245521136056010	0.12602978243853700	0.12419018718378400	0.12672642668845200
0.3179650238473770	0.12528768088193000	0.12485692300892700	0.12568169392428600	0.12453397408933300	0.12601673553293600	0.12418400482378100	0.12671028203891600
0.3189792663476870	0.12528130471446800	0.12484740225086000	0.1256713889505410	0.12452381716894100	0.12600296113486000	0.12417741632367600	0.12669615133974400
0.32	0.12526975247431400	0.12483738181457800	0.12565906025553700	0.12451341450841800	0.12598871899897300	0.12417070572668200	0.12667569632859000
0.32102728731942200	0.12525823614824600	0.12482824332688500	0.1256467910348970	0.12450555922053400	0.12597561113695400	0.12416447732376200	0.1266591956316240
0.322061191626409	0.12525403774651100	0.12482863341096600	0.12564378393455800	0.12450778902194700	0.12597194906528300	0.12416210107271600	0.12665808698106200
0.32310177705977400	0.1252555322237580	0.12482209209069600	0.125636504144884	0.12451304686629800	0.12597359060640800	0.1241568339035630	0.12665737214145600
0.3241491085899510	0.1252207088459490	0.12479901288650600	0.12560914388777200	0.12448113030434800	0.12593239094613400	0.12414388234972000	0.12660574614673800
0.3252032520325200	0.12521048447326300	0.12478931347984000	0.12559550555210900	0.12447316587487400	0.12591830657068600	0.12413716680111000	0.12658770013287900
0.3262642740619900	0.1251986061429140	0.12477968948514300	0.1255824576253530	0.12446526602109800	0.1259043058625310	0.12413047471747800	0.1265703305353740
0.32733224222585900	0.12518464474738500	0.12476976473135500	0.1255694193977860	0.12445710556175400	0.12588984064763900	0.12412355574067000	0.12655218551154000
0.3284072249589490	0.12517036001111100	0.12475960579181600	0.12555438897364100	0.12444874527858100	0.12587500270875800	0.1241164470992430	0.12653384897873900
0.32948929159802300	0.12515952403525300	0.12474831828337200	0.1255421634478280	0.12444059816651000	0.1258605139426180	0.12410949513306600	0.12651596694642100
0.3305785123966940	0.12518374958744300	0.12476409101596200	0.12556379350727000	0.12445257931218500	0.12587500451900700	0.12413165827566000	0.12653606587248900
0.33167495854063000	0.12513828299109200	0.12472888969040500	0.1255163707533510	0.12442397179204600	0.1258313028409310	0.12409531099485000	0.1264795964083360
0.33277870216306200	0.1251258857892750	0.12471943400659700	0.12550291463430200	0.1244156038917740	0.12581760251555900	0.12408815230246700	0.1264613073560780
0.333889816360601	0.12511586232291600	0.12470948051963600	0.1254884097088490	0.1244061364842940	0.1258041046092210	0.12408109507678100	0.12644332191405100
0.33500837520938000	0.12511070339553700	0.12470324737190000	0.12548064804346700	0.12440007773249900	0.1257943803978530	0.12407615420548800	0.12643156166553100
0.33613445378151300	0.1250951529035440	0.12468895651062500	0.12545861285846300	0.12438482890775300	0.12577116549810100	0.12406648034667600	0.12640620930000200
0.3372681281618890	0.12508319156358300	0.12467846028644300	0.1254452981237490	0.12437395306603200	0.1257556372160660	0.12405897542333600	0.12638721930213300
0.338409475465313	0.12507010949576400	0.12466812573410900	0.12543215704659900	0.12436325844635700	0.12574032379306300	0.12405156620193200	0.1263685162858390
0.3395585738539900	0.12505966697609000	0.12465862569395400	0.12541940119142900	0.12435263778627900	0.12572545492588700	0.12403924156248200	0.12635028619225500
0.34071550255536600	0.12504940577379400	0.12464851777986900	0.12540341391253100	0.12434194431132800	0.1257096765199960	0.12402575954968900	0.12633115913445700
0.3418803418803420	0.12503587106135900	0.1246373975410650	0.1253874492232140	0.1243310007188900	0.125693874776978	0.12401476740496100	0.12631192784848200
0.34305317324185200	0.12502284384297900	0.12462634833658700	0.1253711737993610	0.12432013216301700	0.12567841000356600	0.12400385029918900	0.12629280762210800
0.3442340791738380	0.1250216210640880	0.12462705485606300	0.1253696289719520	0.1243181752065140	0.1256878151855880	0.12399517457104800	0.1263024703045550
0.3454231433506050	0.12500534740862800	0.12461430038258100	0.12535228231947100	0.12429885197150200	0.1256572964975130	0.12398224315106700	0.12626585148261500
0.3466204506065860	0.12498306243201900	0.12459463419817200	0.12532607068854900	0.12428732230911300	0.12563597079941700	0.12397089289108000	0.12623942566832800
0.34782608695652200	0.1249717579670990	0.12458549357020100	0.12531280119876700	0.12427646587867300	0.12562521731983200	0.12396002863825500	0.12622504870484500
0.34904013961605600	0.12495659764356900	0.1245736615690830	0.12529829463364700	0.12426558399764000	0.125605817174557	0.12395383290896000	0.12620201869695800
0.3502626970227670	0.12494109452832000	0.12456221472386400	0.12528362183839600	0.1242542961912170	0.12558793187783700	0.12393771582816100	0.12617971233868600
0.351493848857645	0.12492652920981000	0.12455143959863200	0.12526955649301200	0.12424343048565500	0.12556929366964300	0.12392680019679100	0.12615711021291300
0.3527336860670190	0.12491382883467100	0.12454044454301300	0.1252549660625880	0.12423213621267100	0.12555572930839600	0.12392243966510700	0.12613973281876700
0.35398230088495600	0.1248953156426290	0.12452938930569700	0.12523881479012000	0.12422097024557000	0.12553702466840300	0.1239084098128850	0.12611706915180100
0.3552397868561280	0.12488134152864300	0.12451861680435200	0.12522315147383400	0.12421001781983900	0.1255212770713040	0.12389465427348700	0.12609752766185800
0.35650623885918000	0.1248716458575670	0.12450537801487500	0.12520943869524900	0.12419897536208800	0.12550639379803700	0.12388438586836000	0.1260786918663590
0.35778175313059000	0.12486143503649100	0.12449157947276500	0.12519389907217900	0.12418748410726000	0.12549026805258700	0.12387354808712000	0.12605861886509800
0.3590664272890490	0.12485404849469100	0.12448541750334	0.125184202066319	0.12418371571379800	0.12548100950924800	0.12386681946839100	0.1260461080519810
0.36036036036036000	0.12483188381206700	0.12446860816733400	0.12516589965503900	0.12416508254299400	0.12545661638425000	0.1238480865403190	0.12601728397089100
0.3616636528028930	0.12481988058229100	0.12445830643121800	0.1251504563431820	0.12415356023018300	0.12544152457614900	0.1238364530078870	0.12599783657528200
0.3629764065335750	0.12480620447515800	0.12444474368336600	0.12513390100881600	0.12414223590903300	0.12542363668016100	0.1238345542461700	0.12597638630374700
0.36429872495446300	0.12479218471182100	0.12443285070719100	0.12511769005309300	0.12413063222595400	0.12540677159359200	0.123822289443435	0.12595551276595100
0.3656307129798900	0.12477717590906000	0.1244208045712380	0.12510118015844200	0.12411888486395300	0.12538985241183200	0.1238098665549740	0.1259345654526920
0.3669724770642200	0.12476271719442300	0.12440921427224100	0.12508385954964100	0.12410782230083700	0.12536910546139200	0.1237979127958010	0.12591367345943400
0.3683241252302030	0.12474918283911200	0.12439531795168100	0.12506922654583800	0.12409871630086900	0.1253618387221820	0.12378568265833100	0.1258991810814890
0.36968576709796700	0.12473500111521700	0.12438366345166700	0.12505045838800200	0.12408788662232000	0.12533108144626900	0.12377314181809700	0.12587142552693500
0.37105751391465700	0.12472028954090000	0.12437264667922000	0.12503614727631800	0.1240785732370130	0.1253276458443230	0.1237605756106810	0.12585690234101500
0.37243947858473	0.12470768660602500	0.12436122637602600	0.1250223105204940	0.1240708670966760	0.12531613800948600	0.12374845247776300	0.12584274060450800
0.37383177570093500	0.12469151411390100	0.12434824050136300	0.1250075979281000	0.12406000761616500	0.12529894328406500	0.12373572114864000	0.1258210367209600
0.37523452157598500	0.12467652389296700	0.12433627990366600	0.12499363348202100	0.12405034027463500	0.12528613223706500	0.1237232362999500	0.12580471231891800
0.3766478342749530	0.12466178362458000	0.12432163119211100	0.12497242512313600	0.12403788323832700	0.1252451669861550	0.12371150100399800	0.12576639323067400
0.3780718336483930	0.12464593346207100	0.12430090971735000	0.12495561652200000	0.12402706291842000	0.12522401358554700	0.12369826184578600	0.12574345660553600
0.3795066413662240	0.12463164097961600	0.12429681327901600	0.12494148992486100	0.12401735370833200	0.1252098238906390	0.12368639157836200	0.1257233580872950
0.38095238095238100	0.12461556338034000	0.12427940698230700	0.12492690302353100	0.12400645448002200	0.12518189533931300	0.12367310914215700	0.1257004464117830
0.3824091778202680	0.12459937551859400	0.12427247705029000	0.1249152282182050	0.12399732100558700	0.12517623842469400	0.12366067177721400	0.12568676600171000
0.3838771593090210	0.12458318430298500	0.12425782605805500	0.12489690531678900	0.12398502986750700	0.1251439052992570	0.12364489802862000	0.12565613139560500
0.3853564547206170	0.12457020847837100	0.124247755538871	0.12488141539134800	0.12397680153322100	0.12514086961215000	0.12363398463166100	0.12564446339990400
0.38684719535783400	0.12455517513031000	0.12423429995138500	0.12486549008155300	0.1239654687642270	0.1251086977193730	0.12361950364010600	0.12561732946137000
0.3883495145631070	0.12454259058397000	0.12422403713675200	0.12485223758928900	0.12395805992281200	0.12510787213872600	0.12361166523314600	0.12560633129752100
0.3898635477582850	0.12452364752447400	0.12420689396195700	0.12483324234641400	0.12394336995872500	0.12507637927015800	0.12358978225379400	0.1255760585385020
0.3913894324853230	0.12450765427163600	0.12419352812545700	0.12481534139775800	0.12393227260651700	0.12505587792671100	0.12357552886884400	0.12555109709738900
0.3929273084479370	0.12449490699149100	0.12418252112712200	0.12480069834791800	0.12392369786347900	0.12505064006759200	0.12356398663563200	0.12553960626895500
0.39447731755424100	0.1244742647011740	0.12416137555367600	0.12477595598830300	0.12390978264425500	0.12501472052751800	0.12354667973854300	0.12550052546112000
0.39603960396039600	0.12445891874300600	0.12414714766028000	0.1247571385229430	0.12389927204581400	0.12499754586418000	0.12353319310834800	0.1254789918488860
0.3976143141153080	0.12444209574317200	0.12413265397301100	0.12473810529605400	0.12388554660532800	0.12497677409034900	0.12351696412214700	0.125453002547649
0.3992015968063870	0.1244288908619840	0.12412212321781500	0.12472202958130500	0.12387648726597000	0.12496046555419900	0.12350433288898400	0.12543265779464800
0.40080160320641300	0.12441276234187200	0.1241061569344240	0.12470398121175500	0.12386366046538200	0.1249430278686010	0.1234901852946730	0.12540965510752700
0.4024144869215290	0.12439673813041900	0.12409039166877800	0.12468597205203100	0.12385090109440300	0.12492786985979800	0.1234767658645160	0.12538681103440600
0.40404040404040400	0.12440349780054600	0.1240978843932170	0.12468980321596600	0.12384158864871600	0.12492454521184100	0.1234881304439910	0.12539254579088800
0.4056795131845840	0.12436430030605300	0.12406022031484400	0.12464947414733600	0.12382503531830700	0.12488889211242200	0.12347467827601000	0.12534057915771000
0.4073319755600820	0.12434780458169100	0.12404559370329900	0.12463092531421900	0.12381184227131100	0.12486889643556600	0.12343331734309100	0.12531713095531000
0.40899795501022500	0.12433131314355400	0.12403381063663100	0.12462072007185500	0.12379864623748100	0.12484884057566300	0.12341834479510200	0.12529366893219600
0.4106776180698150	0.12431402044543600	0.12402169968982200	0.12460164094008000	0.12378479186266500	0.12482818283364300	0.12340307336393000	0.1252690832803950
0.41237113402061900	0.12429807797466900	0.12400963273745000	0.12458404330958200	0.12377200349446700	0.12480969462024200	0.12338910678690100	0.12524642691622700
0.4140786749482400	0.12428033075938100	0.12399215587238900	0.12456550567855300	0.12375852418898600	0.12479092320181900	0.12337447335797200	0.12522261777922900
0.4158004158004160	0.12426457383455800	0.12397803921460400	0.12454733655547300	0.12374507856376200	0.12477768895304100	0.1233599537792300	0.12519885832698200
0.4175365344467640	0.12424787293926400	0.12396479650849100	0.1245285767332470	0.12373163123684700	0.12476449277007200	0.12334549682703900	0.1251751605246100
0.4192872117400420	0.12423095599730800	0.12395138062734600	0.12450987028881600	0.12372264256944000	0.12474686763638100	0.1233310417386200	0.1251511743581750
0.42105263157894700	0.1242307271421740	0.12394299399610600	0.1245014861587190	0.12371202163406500	0.12473855546159500	0.12335582304166000	0.12514221326230600
0.42283298097251600	0.12420154251159100	0.12392440132405900	0.12447882861789900	0.12369047599681300	0.12470992814076500	0.12330162864309000	0.12510291833385200
0.42462845010615700	0.12418474023286100	0.12391075151957700	0.12446001786727600	0.1236789189768620	0.12469126369637600	0.12328688504316900	0.12507857877713000
0.42643923240938200	0.12416968561605700	0.12389282653619500	0.12444125996995500	0.12367182673438000	0.12467266679899000	0.1232722603408790	0.12505439731637900
0.4282655246252680	0.1241539454633360	0.12387774007638600	0.12442134297909600	0.12365782846694800	0.12465392727594400	0.12325759365136500	0.12502999947103100
0.43010752688172000	0.12413959989968600	0.1238649634441780	0.12439589547288400	0.12363464723047300	0.12463511385359900	0.12324289195468400	0.12500564044781800
0.4319654427645790	0.12412153081487200	0.1238518287985060	0.12437632691808900	0.12362028176676200	0.1246158722539730	0.12322889353138600	0.12498063200275400
0.43383947939262500	0.12410139133182000	0.12383793534414600	0.1243586063263550	0.12360641085538900	0.12459669352096800	0.1232190247431500	0.12495659280486200
0.4357298474945530	0.1240861744326480	0.12382294373771700	0.12433988632418000	0.12359142620928800	0.12456995533547600	0.12320837338437500	0.12493069406229700
0.437636761487965	0.12407486269511300	0.12380878866564500	0.12432220564870900	0.1235774320195190	0.1245509546923360	0.12319831380533300	0.12490759361984300
0.43956043956044000	0.12405867004338500	0.12379417904989000	0.12430394762245900	0.12356262267579000	0.12452883973854100	0.12318792842935900	0.12488107330498600
0.44150110375275900	0.12404460835715600	0.12377962069670700	0.12428574209573800	0.12354800834682700	0.12450803782384800	0.12317757765841800	0.12485593836466800
0.4434589800443460	0.12402742940852700	0.12376510130911400	0.1242675229500970	0.12354124180939900	0.12448844619647400	0.1231672609198180	0.12483205102374900
0.44543429844098	0.12400982145166200	0.12375037839971100	0.12424917131976900	0.1235315026957260	0.12446689658410800	0.12315677721467700	0.12480615700686600
0.44742729306487700	0.1239903689078130	0.12373109421337000	0.12422985041936000	0.12350373368390800	0.12444551426080900	0.1231462348444510	0.12478042173344800
0.449438202247191	0.12397191316481800	0.12371528129692300	0.12421208545261700	0.1234887641130420	0.12442417457807000	0.12313567817829600	0.12475474928440000
0.45146726862302500	0.12395632366111100	0.12370092161538800	0.12419160042974300	0.12347378549976400	0.12440295395013700	0.12312625674306600	0.12472921497323200
0.45351473922902500	0.12393620129454000	0.12368627668387100	0.12417237771576100	0.12345849976871000	0.12438105252744700	0.12311460106153600	0.12470328966548400
0.45558086560364500	0.12391885799048200	0.12367214231415900	0.12415561053169000	0.12345261827926000	0.12436140597198300	0.12310366486208000	0.12468185028580300
0.4576659038901600	0.12389453870509500	0.12365677330954700	0.12413104865494000	0.12343869629196200	0.12433508602612700	0.12309299255017400	0.12465202516026600
0.45977011494252900	0.12387552599500600	0.12364040472877700	0.12411547236465400	0.12343197603909200	0.1243138146051650	0.12308208144790600	0.12462836604560300
0.4618937644341800	0.12385260398215300	0.12361939650909500	0.12409127551770100	0.12342010578691100	0.12428826738006300	0.12306031337139600	0.12459991210517900
0.46403712296983800	0.12383089171874700	0.12360350592478900	0.1240666023236730	0.12338163825381000	0.12426826656609200	0.1230526106887680	0.12457381970244300
0.4662004662004660	0.1238113532479970	0.1235875917280280	0.12404903893314000	0.12336602681311700	0.12425046407542500	0.12303370955399500	0.12454769282225800
0.468384074941452	0.12379364048040100	0.12357153796776700	0.12403011795139200	0.12337742975887500	0.12422879019930400	0.1230252516254500	0.12452137744695200
0.47058823529411800	0.123775920719734	0.1235554967103050	0.12400897256065100	0.12336128771529800	0.12420279777381600	0.12300691480065000	0.12449508230301700
0.4728132387706860	0.12375990234398600	0.12353723983793000	0.12398767748648000	0.1233450112345550	0.12418357569268100	0.12299344380277600	0.124468640126444
0.4750593824228030	0.12374008627005600	0.12351864657556800	0.12396381258900500	0.1233286375693830	0.12415750699400000	0.12297990697488000	0.12444206078511400
0.477326968973747	0.1237219906110160	0.1235008785455350	0.12394218758520300	0.12331229219787100	0.12413639497658300	0.12296630736386200	0.12441535439068500
0.47961630695443600	0.12370317526799000	0.12348407300086500	0.12392311026372800	0.12330185330897900	0.12411523756356700	0.12295272045439800	0.12438867643085400
0.4819277108433740	0.12368258530541800	0.1234661943912630	0.12390148999740500	0.12327917650946500	0.12409540760923500	0.12293911917811600	0.12436197959774200
0.48426150121065400	0.12366099748086500	0.12344765405855000	0.12388265634026100	0.123273966815034	0.1240726274853340	0.1229255079069940	0.12433521695725800
0.48661800486618000	0.12363824022760500	0.1234287320271710	0.12385988901193800	0.1232455224917860	0.12405048043484300	0.12290165740883300	0.1243076366099730
0.4889975550122250	0.12361824227636900	0.12341403225512300	0.12383787383731400	0.1232289716532290	0.12402803842387000	0.12288889187065000	0.12428099453009700
0.4914004914004910	0.12360163030580000	0.12339550435595900	0.1238156348207460	0.12321227160198400	0.12400748892418800	0.12287735562442100	0.12425414480623900
0.49382716049382700	0.12358356747219700	0.12337515420872500	0.12379735268171800	0.1231952453542360	0.12399286154982300	0.12286289827757400	0.12422680459929200
0.49627791563275400	0.1235668851973130	0.12335350674786700	0.12377795813399800	0.1231782277009200	0.12396893936135900	0.12284977508657900	0.12419954063174500
0.49875311720698300	0.12354472868525500	0.1233355884659290	0.12375929241408000	0.12315714546013800	0.12394493166529100	0.12282394929228900	0.12417222695969300
0.5012531328320800	0.1235253209364330	0.12331793404566100	0.1237386236567370	0.12313916252311400	0.12392084732237100	0.12280955226354100	0.12414488879485800
0.5037783375314860	0.12350352108855600	0.12330258692077400	0.12371875658977700	0.12312781027960200	0.12389678437878200	0.12279711717898700	0.12411756458125500
0.5063291139240510	0.12348446755305900	0.12328325194482400	0.12369632494842200	0.12310953353345900	0.12387343332739300	0.12278095761618900	0.12408980137540600
0.5089058524173030	0.12346139327110500	0.12326369672114500	0.12367322096075300	0.12309315750696900	0.12385062973809800	0.12277042360788500	0.12406213334692900
0.5115089514066500	0.1234441741994070	0.1232431970066730	0.12365047533193300	0.1230773859562600	0.12382791448530100	0.1227691431443400	0.12403512198871600
0.5141388174807200	0.12342514503718	0.12322578346650100	0.12363205629246000	0.12305792935533400	0.12380467142561100	0.12276284413716200	0.12400670587811300
0.5167958656330750	0.12340217944776700	0.12320690702063200	0.12361388825459100	0.123038951202501	0.12378177295008800	0.12275926770960800	0.12397961059792100
0.5194805194805190	0.12337978422827200	0.12318946707727600	0.12359504882358200	0.12301907154333400	0.12375806823716600	0.12273924797370300	0.12395093737220900
0.5221932114882510	0.12336040988439900	0.12317217351417700	0.1235765334037870	0.12299969614832800	0.12373621314726700	0.12273439185340700	0.12392306718083600
0.5249343832021000	0.12333867382734500	0.12315809063363800	0.12355776900652300	0.12298010667542400	0.12371523958915200	0.12272087252767700	0.12389501179318900
0.5277044854881270	0.12331650661199000	0.12313697085447300	0.12353869543686300	0.12296034945245500	0.1236941437746400	0.12270543657826800	0.12386678037047800
0.5305039787798410	0.12329399151912500	0.12311895880279500	0.12351766423216800	0.12294393144701400	0.1236721225629170	0.1226902718690570	0.12383878963180200
0.5333333333333330	0.12327364471911100	0.12309834299527100	0.12349499405653700	0.12292883879574400	0.12365097194599000	0.1226748563558210	0.1238106738111520
0.5361930294906170	0.12325325293684000	0.12308092463957800	0.12347120953710500	0.12290791635543500	0.12362921674518700	0.12265954307124500	0.12378248819915500
0.5390835579514820	0.12323281070927500	0.12305996281232100	0.12345053333418200	0.12288590213064900	0.12360739373482400	0.12264392490737900	0.12375410392646300
0.5420054200542010	0.12321072822539400	0.12304293390510800	0.12342622299562000	0.12286336477147900	0.12358561009145800	0.12262839898336000	0.12372561817589500
0.5449591280653950	0.12318741113341800	0.12302586508044000	0.12340613073700900	0.12284203509058200	0.12356382064895500	0.12261275041427800	0.1236973360976190
0.547945205479452	0.12316617186512200	0.12301122959684800	0.12338563223595000	0.12282212580488600	0.12354234598127200	0.12259698786447800	0.1236814355103560
0.5509641873278240	0.12314932448153600	0.1229913401321560	0.12336160647907200	0.1228011853141830	0.12352009736668900	0.1225811400649030	0.12364779727583900
0.554016620498615	0.12312882276131500	0.12297157958257800	0.12333880778395200	0.12277998492262100	0.12349782877364900	0.12256524125825100	0.12363835194672700
0.5571030640668520	0.12310925892762900	0.12295257701940800	0.12331864632645600	0.1227622989099370	0.12347562806636100	0.12254929845428300	0.12360743483246700
0.5602240896358540	0.12308984853592400	0.12293332528459900	0.12329908607692700	0.12274106722351200	0.12345334546685600	0.12253329414550000	0.12359080601026600
0.5633802816901410	0.12306693254595300	0.12291337742962800	0.12327941114069600	0.1227198167117010	0.12343998817593000	0.12251726442941400	0.123569127238361
0.56657223796034	0.12304874823855100	0.12289613696028100	0.12325690898165900	0.12269883376022300	0.12341572817280900	0.12250163643169800	0.12355005637693100
0.5698005698005700	0.12302605494687400	0.12287668957853100	0.12323974969729400	0.12267921281652500	0.12342019275384800	0.12248767726116900	0.1235312164527810
0.5730659025787970	0.12300461189521800	0.12285512632315800	0.12321948065016900	0.12266029788788000	0.12339135840827000	0.12246913361984400	0.12354729328799800
0.5763688760806920	0.12298419473186100	0.12283886835840400	0.12319539520925300	0.1226439449419540	0.12339266318709400	0.1224528673006580	0.12363203797515300
0.5797101449275360	0.1229680540728750	0.12282338850105200	0.12317820260407900	0.12263143579258300	0.12338904975783500	0.12243791893377100	0.1237650821467870
0.5830903790087460	0.1229576954263230	0.12280316317472500	0.1231619059647690	0.12261569135298300	0.12336589967038800	0.12242042573705600	0.12396399371587900
0.5865102639296190	0.12297904152560100	0.12281382366810300	0.1231641773107300	0.1226330492214770	0.12350800899792000	0.12241039790236500	0.12431371155704000
0.5899705014749260	0.12346698231694000	0.12310212829889700	0.12369427857788300	0.12270677769973000	0.12484059864459600	0.12243877991745900	0.12597728349189000
0.5934718100890210	0.12290878281000000	0.12275424439240600	0.12310314407814800	0.1225882964529070	0.12332436215403700	0.12238276419034500	0.12402543610189100
0.5970149253731340	0.12286443830411000	0.12271920576959300	0.12305968068937500	0.12253523541333200	0.12325882490061700	0.12236545855381200	0.12377879605260100
0.6006006006006010	0.12283543275378200	0.12269489081769300	0.12303039354155000	0.12249880127653900	0.12322792388599500	0.12234842771572100	0.12355964820535500
0.6042296072507550	0.12280951569388200	0.12266918571035500	0.12300539610804500	0.12246620752706100	0.12318158680900200	0.12232748960543200	0.12341477702776100
0.60790273556231	0.12278121853540800	0.12264113358237700	0.12297928911392300	0.12243911126091600	0.1231346663199110	0.12230654709924500	0.12329101703132300
0.6116207951070340	0.12275817960050900	0.12261763456834900	0.12294943075109100	0.12241480993763600	0.12310307101799600	0.1222879078777960	0.12326105971240200
0.6153846153846150	0.12273420136379800	0.12259162039686700	0.12292502167192600	0.12239080894790600	0.12308563537784500	0.12226956732411600	0.12324009013630300
0.6191950464396290	0.12271116894799500	0.1225684082341130	0.12290239292283700	0.12236595825823500	0.12304544506712100	0.12225233782906500	0.12320437473071400
0.6230529595015580	0.12268833391999500	0.12254503746776400	0.12287778299065900	0.12234254826555900	0.12302284376321800	0.1222292343402880	0.12316978779155400
0.6269592476489030	0.12266464896707000	0.12252198068068700	0.12285572732068300	0.12232375413363100	0.12300078674122700	0.12221302399234300	0.12315174566711700
0.6309148264984230	0.12264100719794100	0.12249591815421200	0.12283436114583500	0.12229590542553000	0.12297572474579300	0.12220106872521600	0.12313385359973100
0.6349206349206350	0.12261431907353800	0.12247013275464100	0.12281053577803800	0.12227251732218400	0.1229483156059530	0.12218008617844000	0.12311641083796500
0.6389776357827480	0.12258943852750700	0.12244487829449300	0.1227757837939920	0.1222541220744570	0.12291951055358800	0.12216126939660600	0.12308425564621100
0.6430868167202570	0.12256776353034900	0.12242633177032900	0.12275134994743100	0.12223356061352900	0.1228938132984580	0.12214492892197100	0.12306860800615700
0.6472491909385110	0.12254625212007600	0.12240911362257200	0.12273419366186100	0.12222664866716700	0.12287041889823100	0.12214444429674700	0.12305474763685500
0.6514657980456030	0.12252143852759800	0.1223833152846930	0.1227053630562170	0.12219343508254700	0.1228452297936260	0.12211239878576100	0.1230189883143010
0.6557377049180330	0.12249725519882100	0.12236203426088900	0.1226791175446470	0.12216752418221500	0.12282235592319100	0.12210761705302800	0.12299803686307800
0.6600660066006600	0.12247353939735700	0.12233802944271600	0.12265459780879200	0.12214655960781600	0.12280087040071800	0.1220840116721350	0.12297524606892700
0.6644518272425250	0.12244998053298800	0.12231511085918100	0.12263041511322600	0.12212337100154000	0.12277944899270100	0.12206140541966400	0.12295261625432800
0.6688963210702340	0.12247230851854000	0.12233612713451800	0.12265053118102000	0.12217278723996000	0.12280030337010900	0.12204621751287800	0.12298463081190400
0.6734006734006730	0.12239978894065900	0.12226638877089800	0.12257744224268100	0.12208188259770400	0.12272625382224300	0.12201146027213600	0.12290214409668400
0.6779661016949150	0.12237655267795500	0.12224101466638300	0.122550378374389	0.12205381380878400	0.12269969543978900	0.12198607784118300	0.12287687753874000
0.6825938566552900	0.12235199294063100	0.122217444918439	0.12252273469787100	0.12203293926247200	0.12267607859230700	0.12197183640169100	0.12285144030947300
0.6872852233676980	0.12232594864264900	0.12219508916972700	0.12249526245138800	0.1220177244187850	0.12265384996142500	0.12194249361234800	0.12282631693490700
0.6920415224913490	0.12232044949479900	0.12219108782893900	0.12248197980922300	0.12201553087626400	0.12264509662565100	0.1219865789379080	0.1228159341868050
0.6968641114982580	0.12228565575122500	0.12215565335225500	0.12244806632728100	0.12198976985463800	0.12261581191564900	0.12193059041165000	0.12278167628450800
0.7017543859649120	0.1222654099942400	0.12213828326275000	0.12242723379857600	0.12196911582944100	0.12259245383693700	0.12192432910802100	0.12275935632684100
0.7067137809187280	0.12224301358425500	0.12211588478763700	0.1224026209933590	0.12195280666155200	0.12256596813467100	0.12188470201178800	0.1227337139584760
0.7117437722419930	0.12221971693094100	0.1220993669059630	0.122378416269032	0.12193287145363000	0.12253755712188600	0.12189302797986100	0.12271119867894700
0.7168458781362010	0.12227275386333400	0.12213339478804300	0.12242240694302900	0.1220122482802080	0.12256098304358000	0.12194504245202900	0.12274958842692200
0.7220216606498200	0.12221763472541800	0.12208570258502100	0.12237267758174600	0.12196389760891700	0.12251708467350700	0.12189785255425600	0.12269603911596600
0.7272727272727270	0.12219106978464300	0.1220619796797250	0.1223472827503050	0.12194064888255300	0.12249589699874800	0.12187131900847800	0.12267165722989800
0.7326007326007330	0.12217360280834700	0.12204529293015700	0.12232784859417500	0.12192150462330900	0.12247211617795900	0.12185740190141200	0.12265046779858400
0.7380073800738010	0.12213787757070200	0.12201242294638300	0.12228941058795800	0.12187621976170600	0.12242841384851100	0.12182611599485500	0.12261442557849700
0.7434944237918220	0.12210394561380000	0.12198244690229500	0.12224659770396400	0.12184065037678500	0.12240961623712000	0.12178421071790000	0.12256921856311500
0.7490636704119850	0.12206947384718500	0.12195324041629500	0.12221083175202300	0.12181230304108100	0.12235963029422900	0.12170936790405800	0.1225306695944320
0.7547169811320760	0.12204189995759200	0.12192802098041800	0.12218503339464800	0.12178437142289600	0.1223368772962490	0.12166910874243100	0.12249754713859100
0.7604562737642590	0.12201223635215800	0.12189751351798300	0.12216367800136300	0.12176191011526700	0.12233165806124900	0.12162549489858800	0.12259865569653300
0.7662835249042150	0.12225102516661300	0.1220815876993000	0.12240074927988300	0.12188694946285500	0.1229971848792580	0.12159337497901800	0.12399332830272200
0.7722007722007720	0.12212683095221100	0.1219857085791910	0.12228617983590000	0.12186037133635200	0.12268722630280500	0.1215518627994340	0.12355221804834400
0.7782101167315180	0.12195319875475100	0.12184066349725600	0.12209877734028100	0.12171196466570500	0.1222833521233700	0.12153707408578100	0.12255258071917000
0.7843137254901960	0.12191956815498300	0.12179524154485400	0.1220518986281520	0.12167159522543800	0.12219950448453200	0.12152678475685300	0.12236688025658900
0.7905138339920950	0.12189424778719300	0.12176629073843800	0.12202559398981900	0.12164616500744200	0.12216348040993600	0.12152338340462600	0.12234366240118600
0.796812749003984	0.12188749013427200	0.1217597176251370	0.12201840800264100	0.12164128434927500	0.12218832468912700	0.12151988427471300	0.12233000569192700
0.8032128514056230	0.1218532006648900	0.12172535664718200	0.12198476152847000	0.1216081967695890	0.12211706816447700	0.12152277604587800	0.12227672741135200
0.8097165991902830	0.12189771939848600	0.121772806260328	0.12202218673465500	0.12166127530199900	0.1221655556011950	0.12161829543064700	0.1223197533839940
0.8163265306122450	0.12189815544193900	0.12176979604822000	0.12202377606798000	0.12165832383396600	0.12215337763658300	0.12161093932744400	0.1223100084356220
0.823045267489712	0.12186570640038100	0.12174005629430400	0.12198893338310800	0.12162850945409900	0.12212046521836000	0.12157757424921400	0.12228211435358900
0.8298755186721990	0.12182939173616000	0.121704485557828	0.12195000137231800	0.12159378214918400	0.12208089089441300	0.12156024926213400	0.12226305490006200
0.8368200836820080	0.1218021973527440	0.12168035183882200	0.12192391542545700	0.12156986381055600	0.12206371467963500	0.12153457336941200	0.12222771561094000
0.8438818565400840	0.12176197922207700	0.12163808004861500	0.12188182434614900	0.12153075824738700	0.12200922143960400	0.12148095159528000	0.12218932339606700
0.851063829787234	0.12171969275171200	0.12159944886339700	0.12183775754889800	0.12149465586799900	0.12197133902312100	0.12141952804408200	0.12212967721882200
0.8583690987124460	0.12166424603093700	0.12155051898613100	0.12178025860156900	0.12141395914383900	0.12192203678146300	0.12134085737696900	0.12207449339341100
0.8658008658008660	0.12162792103771400	0.12151625159589500	0.12174176381736600	0.12138919020740000	0.12188459289217800	0.121290729066518	0.12203178932886100
0.8733624454148470	0.12160090656162300	0.1214897604596130	0.12172202183034300	0.1213498389403860	0.12185538326115100	0.12125244313591100	0.12199853172493200
0.8810572687224670	0.12157639508443900	0.12146336322055600	0.12169016102580400	0.12131766184625500	0.12182589684733100	0.12125435548480900	0.12198241381649000
0.8888888888888890	0.12161808962900300	0.12150320967492700	0.12172635137756500	0.12139174898178200	0.12185223434543700	0.12132935643219800	0.12200755383595300
0.8968609865470850	0.12170309742162600	0.12160149626452200	0.12182757998371300	0.12149120685327400	0.12195733367934100	0.1214410785460790	0.12206040730630100
0.9049773755656110	0.12160514222182000	0.12150059452917800	0.12172563069060000	0.12137987579807800	0.12185245345217600	0.12133571611672000	0.12195697852341000
0.91324200913242	0.12164750485536400	0.12154443948607900	0.1217900576162590	0.12143809973830600	0.12191779780200400	0.12138148218254400	0.12202984828468400
0.9216589861751150	0.1216725133838240	0.1215655860337780	0.12179941426256100	0.12146647183503100	0.12192308510296400	0.12138932067376400	0.12204078795941200
0.9302325581395350	0.12217227198118200	0.12204160456065500	0.12237584089861200	0.121928606774937	0.12251398844071600	0.12186098959085500	0.12259838737634600
0.9389671361502350	0.12205742490909000	0.12191438751187900	0.12228751806076800	0.12180497906150400	0.12245099499004900	0.12171275598411000	0.12252258758673500
0.9478672985781990	0.12197688527285700	0.12185187818776500	0.1221720029534830	0.1217621532566420	0.12231283756128000	0.12166380465589400	0.12239307563044500
0.9569377990430620	0.12198114824995800	0.12185271583273200	0.12218256002507100	0.12175834007163900	0.12232816589594800	0.12166444980122200	0.1224152613202940
0.966183574879227	0.12194274798948300	0.12182786429684100	0.1220937246519420	0.12174531456027100	0.12221188553683800	0.121655996829615	0.12231126390738700
0.975609756097561	0.12188091702799200	0.12178221824069900	0.12200599469400400	0.12171701815499100	0.12210267359732600	0.12161178622074300	0.12220164110838300
0.9852216748768470	0.12178915131503700	0.12169223460808400	0.12189201370726700	0.12163084542451000	0.12198617215819000	0.12152492267631000	0.12209110049755800
0.9950248756218910	0.12166167837227200	0.12157365494889200	0.12174833631239000	0.12149601806330300	0.12182879014700300	0.12140496281519300	0.12193183174344100
1.0050251256281400	0.12152644069774400	0.12144620969045700	0.1216111053565060	0.1213552688791960	0.1216899236926770	0.12126899001466300	0.12178196053946600
1.015228426395940	0.12141027385245700	0.12132609856310800	0.12150486524286700	0.12123783389367600	0.12160452104929800	0.12111174782013800	0.12167102153603500
1.0256410256410300	0.12132035086149600	0.12121956358795200	0.12141862852274700	0.12108044513746000	0.12153246836988100	0.12095578549405900	0.12160649082317100
1.0362694300518100	0.12125678612838100	0.12114131215581300	0.1213585244964110	0.12099874398499000	0.12146943144044400	0.12085414019214100	0.12155794792641600
1.0471204188481700	0.12121545554752700	0.1211023882462550	0.12132577968886200	0.12094052464792900	0.1214408539593210	0.12076450572383400	0.12152330511368300
1.0582010582010600	0.1212014494881540	0.12108045042251600	0.12131151483518800	0.1209473893573000	0.12143039987537700	0.12072375452313300	0.12150436334253100
1.0695187165775400	0.12119706280282600	0.12106881466910200	0.12130036581587400	0.12092700039409700	0.12140856575356600	0.12073215975903700	0.12149170309060900
1.0810810810810800	0.12120771553280700	0.12108179505834100	0.12131159787948900	0.12095540244373700	0.12141393855507700	0.1207972349847590	0.12149881475259600
1.092896174863390	0.12154694724214000	0.12145484897876900	0.12162025483620400	0.12136149660870400	0.12170157985706300	0.12124345618339400	0.12181630651931600
1.1049723756906100	0.12187291125718900	0.12178202290665200	0.12197504360467900	0.12169563415179500	0.12206791260144200	0.12161395811149700	0.12217411221591000
1.1173184357541900	0.12205986054811000	0.12194737684804200	0.12220085703104700	0.12185298537166700	0.12232702234102700	0.12176604661962400	0.12242789979850800
1.1299435028248600	0.12210113379996000	0.12198932054327100	0.12225809203615900	0.12188696886014900	0.12238656308354300	0.12181151668719200	0.12247779209935500
1.1428571428571400	0.12205918556088200	0.12196302566036400	0.12217128165289600	0.12187893450632200	0.12227534338851700	0.12178372807533900	0.12234434426974800
1.1560693641618500	0.12204989912175900	0.12195207713719300	0.12216321163638800	0.12186429864863100	0.12230618417838600	0.12177734482330800	0.12243101664861500
1.1695906432748500	0.1220591621435230	0.12196527453360400	0.12216586679801700	0.12187550347035600	0.12230849417898500	0.12179053314917000	0.12242467367468500
1.183431952662720	0.12191812868098200	0.12184137542716800	0.12199811864658100	0.1217488436977860	0.12210803364470100	0.12168211810516600	0.12218262289000600
1.1976047904191600	0.12166791876335600	0.12159143927890400	0.12173809955763500	0.12149493635290100	0.1218265049284350	0.12143585539362700	0.12188064542544400
1.2121212121212100	0.12147825653432700	0.1213785197398660	0.1215545372288990	0.1212632825334510	0.1216162579916130	0.12121375515016000	0.1216759865570290
1.2269938650306700	0.12133319658744700	0.12121016961137800	0.12142438458567500	0.12107816224299800	0.12150968547460300	0.12101704062494800	0.12155436618772700
1.2422360248447200	0.1211914053017180	0.12104097024193000	0.12129942342183900	0.12089479403752900	0.12141408680846600	0.12075364812454000	0.12144785456450100
1.2578616352201300	0.12111921199810000	0.12093669609688600	0.12124739971585300	0.12079745220955400	0.12137577932703100	0.12061060160438400	0.12141111111954200
1.2738853503184700	0.12117917624481200	0.12099518381952800	0.12129900925365900	0.12084439963658300	0.12141440102509100	0.12072686518528800	0.12146526392393900
1.2903225806451600	0.12127952729894200	0.12111346936153500	0.12138585518464200	0.1209531787693640	0.1214958286143460	0.12082124488104400	0.12155840201689300
1.3071895424836600	0.12140172413163200	0.12124644857764200	0.1214918101968890	0.12110511947662500	0.12159741232373900	0.12098998719860200	0.12163293286118400
1.3245033112582800	0.12172346880581600	0.1216186966474060	0.12180414163982800	0.12150145723843300	0.12189470403643200	0.1213732308909730	0.12199462293465800
1.342281879194630	0.12298788867784500	0.12286825571064500	0.12309532322161400	0.12275739938601500	0.12319564995562000	0.1226215538965470	0.12333832149388600
1.3605442176870700	0.12332793785764600	0.1231864025814920	0.12346922868235300	0.12304013864871600	0.12363022370135700	0.1229294661752800	0.12380125302740300
1.3793103448275900	0.12343180095701600	0.12328865291064600	0.12356875238943000	0.12313311747155800	0.12370820471889400	0.12297765903716300	0.12387678259945600
1.3986013986014000	0.12342918775248700	0.12329571778128700	0.12354915698680800	0.12316377638370000	0.12369523571160900	0.12302472577597500	0.12383024787894600
1.4184397163120600	0.1237137694892120	0.12356562703178600	0.12384389402309000	0.1234082329082730	0.123988896341708	0.12329476774902700	0.12408792554088100
1.4388489208633100	0.12364721469976200	0.12351782234272100	0.12377878582846100	0.12335362921030200	0.1239195586517250	0.12323676965627600	0.12400004252010200
1.4598540145985400	0.12335066951781600	0.12320169286442600	0.12346327387402100	0.12300620516755400	0.12359120501768300	0.12290484324892400	0.12366599720173100
1.4814814814814800	0.12318412579484600	0.12303198116212700	0.12331630965457700	0.12284085156204300	0.12344846561710700	0.12268597181841200	0.1235285404159740
1.5037593984962400	0.1229246160920650	0.1227359683472490	0.12306587470010300	0.12250920369628000	0.12319843766126900	0.12233187475171600	0.12330430293034400
1.5267175572519100	0.12259946471987400	0.1223551850254360	0.12274887647809900	0.12209804318980100	0.12289351548097000	0.1219248786875970	0.12300252319887400
1.550387596899230	0.12224589128942100	0.12199327544390900	0.12240816381023500	0.12173199129579900	0.1225454718664020	0.1216275092940420	0.1226686866807270
1.5748031496063000	0.12192957057625400	0.12171409815271900	0.12207088326333900	0.12153349494853800	0.1221989714340400	0.1214036898341750	0.12232983620923800
1.6	0.12161173606843800	0.12146395461007200	0.12172977863462800	0.1213358867573150	0.12181773307002200	0.12109923008797300	0.12192980866643800
1.6260162601626000	0.12140813410806400	0.12126856781213300	0.12151915811156600	0.12108703554707900	0.12175622119926600	0.12091718487709200	0.12224941688102400
1.6528925619834700	0.12125965479963200	0.121064308335291	0.1213873776818340	0.12086307463577000	0.1216212240187100	0.12068324093918700	0.12222356846610800
1.680672268907560	0.12113243118228300	0.12084975010336000	0.1213121208866350	0.12052080497053400	0.12166226798471300	0.12037949441282200	0.1223781981076220
1.7094017094017100	0.12143691685218300	0.12123494398836500	0.12157094632415800	0.12100239233596300	0.12177199406503500	0.12082151262744600	0.12238690822702100
1.7391304347826100	0.1219329545856670	0.1217834456689020	0.12204406353261600	0.12161098895793900	0.12218193739114000	0.12149648508481400	0.12258150366635800
1.7699115044247800	0.1223345441341760	0.12221145628919700	0.12244014066894600	0.1220622104843580	0.12257244401437200	0.1220001779054340	0.12281220647234900
1.8018018018018000	0.12279778723705400	0.1226716548091110	0.122932930805213	0.12253340916862300	0.1230656593301800	0.1224811517481350	0.12323281486150500
1.834862385321100	0.12311309948341600	0.12298039613151100	0.12324961271257800	0.12284570014505500	0.12339036083514000	0.12273541875344300	0.12359778174842300
1.8691588785046700	0.12338422960026700	0.12323378827669900	0.12353007685925200	0.12307179660289100	0.12367158216271900	0.12289582846395400	0.12393992067524000
1.9047619047619000	0.12318970971223700	0.12305681685671200	0.12330481200471100	0.12287395970890400	0.12346821161474400	0.12269795603033000	0.12357629497785700
1.941747572815530	0.12322864324863700	0.12309719733249800	0.12334382503584600	0.12296784801044100	0.12346775236186900	0.12283226394453000	0.12356542188409600
1.9801980198019800	0.12330049312337900	0.12317055848003300	0.12340220847194500	0.1229808438038520	0.12351451931083900	0.12289189932847300	0.12367971990735600
2.0202020202020200	0.12317772046696400	0.12300349210334400	0.12332249504678600	0.12266904505108500	0.12346325765772100	0.12253658498314300	0.12354684462892200
2.0618556701030900	0.1226311538373320	0.12232610186256800	0.12283317076931800	0.12199268576343200	0.12302166002465700	0.12184923425970400	0.12318989675560700
2.1052631578947400	0.12198725526057400	0.12169803733978300	0.12220228334802800	0.12144099782726300	0.12235390827573100	0.1211798944951670	0.12259981573900900
2.150537634408600	0.1215229959338020	0.1212965259371410	0.12170339485876800	0.12105275820817100	0.12184592631080700	0.12069022372466600	0.12235839055029700
2.197802197802200	0.12142682822469000	0.12121757480841900	0.12160907794893200	0.12088581634267300	0.1219770510020390	0.12057489495518500	0.12279338996965900
2.247191011235960	0.12144365418949600	0.12120159338556600	0.12162254907742500	0.12088837227690300	0.12217364299633300	0.12065570053288100	0.12303028576940100
2.2988505747126400	0.12166025377128500	0.12144534596589200	0.12185747833562400	0.12115654155971200	0.12243741900536500	0.1210369752900290	0.12327813472353700
2.3529411764705900	0.12209045459582400	0.12196021823479800	0.12226367925974500	0.12180644877057600	0.12277863784183300	0.12165513025902800	0.1235014992709730
2.4096385542168700	0.12285704865979800	0.12272175381292000	0.12298116961667400	0.12259144767419400	0.12310458240714800	0.122510214678021	0.1235504270221500
2.4691358024691400	0.12352356282087400	0.1233554568351960	0.12367286693745000	0.12315761514697200	0.12384092556547800	0.1229640441269880	0.1242626620775010
2.5316455696202500	0.12405198774404100	0.12386224477449000	0.1242509192649170	0.12368319881712600	0.12452296529168000	0.12339510654034100	0.12507754148860600
2.5974025974026000	0.1240925846120290	0.12391625527894400	0.1243326531017410	0.12371033354484500	0.12455930754461600	0.12356547384626800	0.12514557377383500
2.6666666666666700	0.12450417916504700	0.12430535227019200	0.12467654284075600	0.12411774383051300	0.12483854257553400	0.1239525659688140	0.1250509670599920
2.73972602739726	0.1248148413879100	0.12461007336604100	0.12496500699761900	0.12436110712912200	0.12513102294119400	0.12425812644624900	0.1254343245028950
2.816901408450700	0.12478608950319800	0.12458537207077100	0.12492840748189100	0.1243309449522180	0.12511387065073300	0.12416924781768200	0.12568259155158100
2.898550724637680	0.12451356439353200	0.12431480336678300	0.12469314319933100	0.12410389943685600	0.12493217465482200	0.12381806699070700	0.1255891512718300
2.985074626865670	0.1242136321478400	0.12392432843061600	0.12448215184224200	0.12357958086096500	0.12483589275617700	0.123283307409795	0.12554025357354200
3.076923076923080	0.12380929004835500	0.12347930992428800	0.12408951733658500	0.123194352034106	0.12441553819523000	0.12301531212902800	0.12498761053339300
3.1746031746031700	0.12335622840626700	0.12308378581785100	0.1236683833335000	0.12284558133863900	0.12393768726168500	0.12274486714565100	0.12433484513972200
3.278688524590160	0.12285501527754500	0.1226175800051690	0.12315475477970400	0.12236774813381900	0.12343762034565200	0.12216432170205600	0.12395309462749900
3.389830508474580	0.1225589209923870	0.12235948151003900	0.12283263887445400	0.12214120985929800	0.12320692720045100	0.12201461547918000	0.1240041275297260
3.508771929824560	0.12230840531959300	0.12212789952799200	0.12253022016841300	0.12191815517036900	0.12294367975092200	0.12168012111543300	0.1237235732873690
3.6363636363636400	0.12204021676356100	0.12187765200093800	0.12221970122523800	0.1216948692337000	0.12253187554342200	0.12154539673488400	0.1233045492723760
3.7735849056603800	0.1215903135485550	0.12140230136406800	0.12176351245602300	0.12106515138466500	0.12208734828229600	0.12071852810587600	0.12282273575637400
3.9215686274509800	0.12137122509581200	0.121119657878444	0.12155268939788000	0.12073719724377900	0.12181887094756200	0.12035544403190500	0.12255414909885100
4.081632653061230	0.12181604809962000	0.1216414010643420	0.12195197054777900	0.12141189309015000	0.12213590390195800	0.12118383677285500	0.12257275921835100
4.25531914893617	0.12464193713688000	0.12441267397986600	0.12484574543512000	0.12361292356741100	0.12502706556403400	0.12275219525263300	0.12513956234735700
4.444444444444450	0.12576462698664900	0.12536812054834600	0.12597012506681800	0.12426457662304100	0.1261265977794440	0.12360107365859100	0.12634951712674200
4.651162790697680	0.1243720469621440	0.12396375169343100	0.1246571559440930	0.12358568998825800	0.12491406629470400	0.12346894886863800	0.12510112524897500
4.878048780487810	0.12351094488610100	0.1233501956309950	0.12370562329494300	0.12320475657696900	0.12397071536105900	0.12310974434621600	0.124337574211662
5.128205128205130	0.12356207748429100	0.12332855694457800	0.12379093321203700	0.12309624025795700	0.12411319659785100	0.12295465644047400	0.12460427495594100
5.405405405405410	0.12355111419398200	0.12318945437439200	0.12383248391509400	0.12294741806274400	0.12418113513047700	0.12285510080771000	0.12475182276412400
5.714285714285710	0.12345284442971600	0.12320254271718400	0.12370785525350700	0.12297348441999200	0.12406883673186400	0.1228674144809870	0.12458368386940100
6.0606060606060600	0.12291207225730800	0.12272484033437400	0.12313461132149100	0.1225777648423610	0.12341366036415300	0.1224563869791740	0.12384677423531100
6.451612903225810	0.12320898452871300	0.12300595466832700	0.12347558977573900	0.12287876496324300	0.123792134859277	0.12273691037853400	0.12437658358986100
6.896551724137930	0.12366329264107300	0.12340345811495900	0.12399213082531900	0.12322523575959200	0.12440974047725000	0.12301397132912100	0.12534921440390200
7.407407407407410	0.12339514340676500	0.12307944012413800	0.12391542881998300	0.12289698013018800	0.12446372534418700	0.12264914764002200	0.12479818842004600
8.0	0.12320786697176600	0.12292596377216700	0.12364401908986600	0.12276857195630800	0.12408789631237800	0.1225475862948220	0.1247077374419180
8.695652173913040	0.12277474938761600	0.12249274518633900	0.12323526529702900	0.12224259452566900	0.12357859499210400	0.1220937341556430	0.12417453021498200
9.523809523809520	0.1225266413962500	0.1222818097260110	0.12283525213338800	0.12206272085632100	0.12307444056384100	0.12167337539444000	0.12350925651605200
10.526315789473700	0.12201677585115000	0.12182824475549200	0.12239743828022300	0.12164723883681300	0.12260456814178000	0.1213277948645660	0.1231724537474200
11.764705882352900	0.12236011106817500	0.12207782786579800	0.12271612186961000	0.12177316910167800	0.1229164188226940	0.12149356898819400	0.12342808725586600
13.333333333333300	0.12364189157020400	0.12323640420455900	0.12390481687565200	0.12268471177157500	0.12409097598758500	0.12252133999253900	0.12431308356361000
15.384615384615400	0.12454589278960900	0.12417526671548200	0.12476961928577700	0.12344244868364600	0.12492901473144100	0.12317866867324500	0.12502133094784500
18.181818181818200	0.123356543939644	0.12312666945302600	0.12360279157282500	0.12291739143990300	0.1238189955510540	0.12284601539500700	0.12407975074652000
22.22222222222220	0.12272430281175200	0.12255859858128100	0.1230323213694020	0.12242438507674500	0.12357860569150100	0.12232367246203500	0.12410829013177700
28.571428571428600	0.12295133298339600	0.12275989028203400	0.12329775529016200	0.12264704320524700	0.12387654513063600	0.12250555867285100	0.12439627687540900
40.0	0.12346744945585700	0.12326163999679800	0.12387483128554700	0.1231132580836030	0.12438207688932600	0.12293965958957400	0.12496953596131300
66.66666666666670	0.12275460329713200	0.12256281422564200	0.12350986420100100	0.12228735979544800	0.12415923728179400	0.12201348843624600	0.12474618061595100
198.01980198019800	0.12132542951406600	0.12097422950460200	0.12219316482869800	0.12030208794844000	0.1227224968218590	0.11933925499529200	0.12316611690210000