         0.3400000            0.0500000    0.01585469   0.00028458  
#         0.3150000            0.0250000    0.01545343   0.00061086  
#         0.3650000            0.0250000    0.01600992   0.00031148  
         0.4050000            0.0150000    0.01552451   0.00026452  
         0.4275000            0.0075000    0.01589267   0.00028726  
         0.4425000            0.0075000    0.01539630   0.00026178  
         0.4625000            0.0125000    0.01518743   0.00018563  
         0.4796000            0.0046000    0.01570462   0.00034268  
         0.4861000            0.0020000    0.01563735   0.00049751  
         0.4941000            0.0060000    0.01507840   0.00027317  
         0.5050500            0.0049500    0.01549305   0.00032123  
         0.5175000            0.0075000    0.01493641   0.00024448  
         0.5325000            0.0075000    0.01523588   0.00025451  
         0.5450000            0.0050000    0.01514899   0.00030528  
         0.5550000            0.0050000    0.01529976   0.00033486  
         0.5650000            0.0050000    0.01532400   0.00045551  
