         0.5500000            0.0200000    0.01446942   0.00062935  
         0.5794000            0.0094000    0.01489285   0.00062083  
         0.5893000            0.0005000    0.01557537   0.00199855  
         0.6124000            0.0226000    0.01526909   0.00042194  
         0.6525000            0.0175000    0.01463073   0.00044846  
         0.6900000            0.0200000    0.01511126   0.00042861  
         0.7380000            0.0280000    0.01506974   0.00040068  
         0.7684000            0.0024000    0.01502411   0.00136520  
         0.7954000            0.0246000    0.01549738   0.00078893  
         0.8500000            0.0300000    0.01476287   0.00066005  
         0.9100000            0.0300000    0.01437426   0.00069196  
         0.9850000            0.0450000    0.01471106   0.00085276  
