        -0.0520718            0.9997057            0.0011731    0.99996905   0.00154885  -0.00003087  
        -0.0511423            0.9997833            0.0011732    0.99972018   0.00154891  -0.00027914  
        -0.0502128            1.0013633            0.0011741    1.00080372   0.00155013   0.00080214  
        -0.0492832            1.0004213            0.0011735    0.99941421   0.00154940  -0.00058490  
        -0.0483537            1.0009414            0.0011738    0.99994462   0.00154980  -0.00005530  
        -0.0474242            1.0003452            0.0011735    1.00000331   0.00154934   0.00000330  
        -0.0464947            0.9986723            0.0011725    0.99993480   0.00154805  -0.00006495  
        -0.0365891            1.0007947            0.0011738    0.99926111   0.00154969  -0.00073816  
        -0.0356595            1.0000000            0.0011733    0.99934733   0.00154907  -0.00065145  
        -0.0347300            0.9999727            0.0011733    0.99941650   0.00154905  -0.00058235  
        -0.0338005            1.0011035            0.0011739    1.00033370   0.00154993   0.00033312  
        -0.0328710            1.0017713            0.0011743    1.00059466   0.00155045   0.00059387  
        -0.0319414            1.0010020            0.0011739    0.99938820   0.00154985  -0.00061125  
        -0.0310119            1.0021270            0.0011745    1.00022935   0.00155072   0.00022921  
        -0.0300824            1.0027128            0.0011749    1.00100666   0.00155117   0.00100584  
        -0.0291529            1.0005616            0.0011736    0.99982348   0.00154951  -0.00017621  
        -0.0187886            0.9921924            0.0011687    0.98953827   0.00154302   0.00064323  
        -0.0178591            0.9901198            0.0011675    0.98832944   0.00154140   0.00132844  
        -0.0169296            0.9879437            0.0011662    0.98656465   0.00153971   0.00056992  
        -0.0160000            0.9866666            0.0011654    0.98508272   0.00153871  -0.00014620  
        -0.0150705            0.9867083            0.0011655    0.98468104   0.00153874   0.00007807  
        -0.0141410            0.9851788            0.0011646    0.98272200   0.00153755  -0.00135257  
        -0.0132115            0.9877672            0.0011661    0.98499427   0.00153957   0.00137374  
        -0.0122819            0.9853020            0.0011646    0.98266220   0.00153765  -0.00056599  
        -0.0113524            0.9854493            0.0011647    0.98363148   0.00153776   0.00074633  
        -0.0009883            0.9841028            0.0011639    0.98042158   0.00153671  -0.00076670  
        -0.0000587            0.9832869            0.0011634    0.98045101   0.00153607  -0.00072512  
         0.0008708            0.9832334            0.0011634    0.98070443   0.00153603  -0.00048037  
         0.0018003            0.9836345            0.0011637    0.98119311   0.00153635  -0.00002089  
         0.0027298            0.9842609            0.0011640    0.98137956   0.00153684   0.00011624  
         0.0036594            0.9848650            0.0011644    0.98151207   0.00153731   0.00017812  
         0.0045889            0.9838778            0.0011638    0.98023619   0.00153654  -0.00119173  
         0.0055184            0.9859798            0.0011650    0.98238491   0.00153818   0.00084453  
         0.0064479            0.9838992            0.0011638    0.98104148   0.00153655  -0.00063845  
         0.0168090            0.9911522            0.0011681    0.98643286   0.00154221   0.00054909  
         0.0177385            0.9915621            0.0011683    0.98770603   0.00154252   0.00085992  
         0.0186681            0.9912389            0.0011681    0.98776710   0.00154227  -0.00083542  
         0.0195976            0.9950360            0.0011704    0.99147137   0.00154522   0.00046281  
         0.0205271            0.9980052            0.0011721    0.99433305   0.00154753   0.00080319  
         0.0214566            1.0001362            0.0011734    0.99588677   0.00154918  -0.00002257  
         0.0223862            1.0018655            0.0011744    0.99726707   0.00155052  -0.00067149  
         0.0233157            1.0041801            0.0011757    0.99954828   0.00155231   0.00014205  
         0.0242452            1.0034482            0.0011753    0.99954848   0.00155174  -0.00045214  
