        -0.0520718            1.0005738            0.0022297    0.99964967   0.00270243  -0.00034970  
        -0.0511423            1.0027558            0.0022322    1.00096626   0.00270538   0.00096535  
        -0.0502128            1.0031893            0.0022327    1.00087024   0.00270596   0.00086988  
        -0.0492832            1.0009669            0.0022302    0.99990790   0.00270296  -0.00009195  
        -0.0483537            0.9973613            0.0022262    0.99805207   0.00269809  -0.00194129  
        -0.0474242            0.9966200            0.0022253    0.99872810   0.00269709  -0.00126576  
        -0.0464947            0.9977855            0.0022266    1.00120275   0.00269866   0.00119539  
        -0.0365891            1.0015188            0.0022308    1.00017974   0.00270371   0.00017949  
        -0.0356595            1.0000000            0.0022291    0.99995639   0.00270166  -0.00004349  
        -0.0347300            1.0011481            0.0022304    1.00070581   0.00270321   0.00070420  
        -0.0338005            0.9995023            0.0022286    0.99783149   0.00270098  -0.00216623  
        -0.0328710            1.0037820            0.0022333    1.00116393   0.00270676   0.00116380  
        -0.0319414            1.0028982            0.0022323    0.99939616   0.00270557  -0.00060430  
        -0.0310119            1.0030933            0.0022326    1.00016023   0.00270583   0.00016026  
        -0.0300824            1.0030006            0.0022324    1.00133307   0.00270571   0.00133166  
        -0.0291529            0.9989421            0.0022279    0.99924543   0.00270023  -0.00075229  
        -0.0187886            0.9930942            0.0022214    0.99083882   0.00269231   0.00141509  
        -0.0178591            0.9894363            0.0022173    0.98817269   0.00268735   0.00069082  
        -0.0169296            0.9890129            0.0022168    0.98774940   0.00268677   0.00139652  
        -0.0160000            0.9840323            0.0022112    0.98152491   0.00268000  -0.00394515  
        -0.0150705            0.9887528            0.0022165    0.98502928   0.00268642   0.00028969  
        -0.0141410            0.9870563            0.0022146    0.98286562   0.00268411  -0.00125289  
        -0.0132115            0.9912280            0.0022193    0.98731054   0.00268978   0.00373827  
        -0.0122819            0.9884929            0.0022162    0.98518668   0.00268607   0.00208166  
        -0.0113524            0.9837840            0.0022110    0.98193522   0.00267966  -0.00075671  
        -0.0009883            0.9827308            0.0022098    0.97790963   0.00267823  -0.00271464  
        -0.0000587            0.9808003            0.0022076    0.97872462   0.00267560  -0.00187838  
         0.0008708            0.9817104            0.0022086    0.98032782   0.00267684  -0.00028694  
         0.0018003            0.9848144            0.0022121    0.98333942   0.00268106   0.00268487  
         0.0027298            0.9805435            0.0022073    0.97759842   0.00267524  -0.00311468  
         0.0036594            0.9834298            0.0022106    0.97947422   0.00267918  -0.00132704  
         0.0045889            0.9877679            0.0022154    0.98352041   0.00268508   0.00261112  
         0.0055184            0.9831124            0.0022102    0.97918715   0.00267875  -0.00187004  
         0.0064479            0.9859175            0.0022134    0.98254801   0.00268257   0.00132409  
         0.0168090            0.9944126            0.0022229    0.98728577   0.00269410   0.00106420  
         0.0177385            0.9921053            0.0022203    0.98789105   0.00269097   0.00058002  
         0.0186681            0.9928462            0.0022211    0.98973026   0.00269198   0.00060096  
         0.0195976            0.9963192            0.0022250    0.99376762   0.00269668   0.00225718  
         0.0205271            0.9961319            0.0022248    0.99253638   0.00269643  -0.00142093  
         0.0214566            1.0022160            0.0022316    0.99764081   0.00270465   0.00141736  
         0.0223862            1.0038217            0.0022334    0.99866162   0.00270681   0.00053492  
         0.0233157            1.0023345            0.0022317    0.99717734   0.00270481  -0.00230373  
         0.0242452            1.0041757            0.0022338    0.99895133   0.00270729  -0.00105129  
