time_bkjd,flux,flux_detrended
1627.6649812670744,0.9981399178504944,0.9985516940361612
1627.6949812670744,1.0012402534484863,1.0016490158603302
1627.7249812670743,0.9999799132347107,1.000379919950258
1627.7549812670743,0.9980981945991516,0.9984818703616111
1627.7849812670743,0.9988245368003845,0.9991821665342894
1627.8149812670742,0.9987426400184631,0.9990636312765253
1627.8449812670742,0.9988852143287659,0.9991596651186258
1627.8749812670742,0.9998950958251953,1.0001150285987153
1627.9049812670744,0.9996445178985596,0.9998048044650334
1627.9349812670744,1.0003042221069336,1.0004029071059746
1627.9649812670743,1.000665307044983,1.0007035945134193
1627.9949812670743,1.0006157159805298,1.0005972229192353
1628.0249812670743,1.000351905822754,1.0002815412411803
1628.0549812670743,1.0000665187835693,0.9999494237704956
1628.0849812670742,1.0002228021621704,1.0000637503800367
1628.1149812670742,0.9998800158500671,0.9996833937689455
1628.1449812670742,1.0015246868133545,1.0012949654933405
1628.1749812670744,0.9996259808540344,0.9993677200256235
1628.2049812670743,0.9997062087059021,0.9994235619476514
1628.2349812670743,1.000467300415039,1.000164480311765
1628.2649812670743,1.0007389783859253,1.000421202367463
1628.2949812670743,1.0007725954055786,1.000446175734724
1628.3249812670742,1.0010175704956055,1.0006891941365452
1628.3549812670742,1.0001221895217896,0.9997979071690708
1628.3849812670742,1.000127911567688,0.999812528004118
1628.4149812670744,1.0008697509765625,1.000567275426658
1628.4449812670744,1.0001245737075806,0.9998388776942456
1628.4749812670743,1.0000985860824585,0.9998325199171985
1628.5049812670743,1.0002901554107666,1.0000453531049072
1628.5349812670743,1.0002743005752563,1.0000514904453677
1628.5649812670742,1.0004159212112427,1.0002151470345702
1628.5949812670742,0.9997194409370422,0.9995399636423934
1628.6249812670742,0.9996016025543213,0.9994416812332118
1628.6549812670744,1.0003025531768799,1.0001602573506556
1628.6849812670744,1.0004597902297974,1.0003339287121906
1628.7149812670743,1.0005412101745605,1.0004311137848612
1628.7449812670743,0.999844491481781,0.9997492917953595
1628.7749812670743,0.9997411370277405,0.9996591737903312
1628.8049812670743,0.9994454383850098,0.9993744075610732
1628.8349812670742,1.000726342201233,1.0006641066713953
1628.8649812670742,0.9994722604751587,0.9994175554878417
1628.8949812670742,1.0005296468734741,1.0004817459032016
1628.9249812670744,1.0005114078521729,1.000470648575179
1628.9549812670743,1.0001959800720215,1.000162981521973
1628.9849812670743,1.0004132986068726,1.0003881720450964
1629.0149812670743,0.9998524188995361,0.9998342590675644
1629.0449812670743,0.9990958571434021,0.999082234544987
1629.0749812670742,0.9996603727340698,0.9996478180503581
1629.1049812670742,1.0003050565719604,1.0002908215404995
1629.1349812670742,0.9991257190704346,0.9991088886291604
1629.1649812670744,1.0001965761184692,1.0001779979079268
1629.1949812670744,1.0010688304901123,1.0010518670121793
1629.2249812670743,1.0008054971694946,1.000795638563101
1629.2549812670743,1.0001634359359741,1.000166162776502
1629.2849812670743,0.9996585845947266,0.9996776760631674
1629.3149812670742,1.0003196001052856,1.0003566101465793
1629.3449812670742,0.9989044666290283,0.9989592772523341
1629.3749812670742,1.0005605220794678,1.0006313046635638
1629.4049812670744,1.0001285076141357,1.0002128865004296
1629.4349812670744,0.9987934827804565,0.9988881491860645
1629.4649812670743,1.0001804828643799,1.0002812399190082
1629.4949812670743,0.9990480542182922,0.9991508985959515
1629.5249812670743,0.9999998807907104,1.0001015898460668
1629.5549812670743,1.0002915859222412,1.0003912924504748
1629.5849812670742,1.0003076791763306,1.0004066781206513
1629.6149812670742,0.9997986555099487,0.9998994013020376
1629.6449812670742,1.0006572008132935,1.000762820162185
1629.6749812670744,0.9995189905166626,0.9996333081955705
1629.7049812670743,0.9999620318412781,1.0000881334217717
1629.7349812670743,1.0000673532485962,1.0002072146997034
1629.7649812670743,1.0000624656677246,1.0002168065511758
1629.7949812670743,0.9995386004447937,0.999706711542409
1629.8249812670742,0.9993352293968201,0.9995144351052613
1629.8549812670742,1.0000722408294678,1.000258157463049
1629.8849812670742,0.9995713829994202,0.9997586014806252
1629.9149812670744,0.9998729825019836,1.0000556924742396
1629.9449812670744,0.999332845211029,0.9995052059955305
1629.9749812670743,0.9996362328529358,0.9997919997993318
1630.0049812670743,0.998944878578186,0.9990783870226869
1630.0349812670743,1.0000473260879517,1.0001549007638448
1630.0649812670742,0.9997315406799316,0.9998126519194197
1630.0949812670742,1.0007929801940918,1.0008503193667038
1630.1249812670742,1.0002365112304688,1.0002759787720292
1630.1549812670744,1.000996708869934,1.0010260097993764
1630.1849812670744,0.9999847412109375,1.0000120820926723
1630.2149812670743,0.9996550679206848,0.9996871465693219
1630.2449812670743,0.9996200203895569,0.9996614941397721
1630.2749812670743,0.9995547533035278,0.9996090146431409
1630.3049812670743,1.0006754398345947,1.0007455699340784
1630.3349812670742,1.0003758668899536,1.000464907586563
1630.3649812670742,1.0001612901687622,1.0002714997084288
1630.3949812670742,0.9996656775474548,0.9997970377743401
1630.4249812670744,0.9992531538009644,0.9994021620344927
1630.4549812670743,0.999198853969574,0.9993592433636803
1630.4849812670743,0.9998626708984375,1.000027197296619
1630.5149812670743,0.999419093132019,0.9995813148839627
1630.5449812670743,0.9997633099555969,0.9999174762038697
1630.5749812670742,0.9994961023330688,0.9996378052627745
1630.6049812670742,0.9998428821563721,0.9999696223126406
1630.6349812670742,1.000244379043579,1.0003565334542914
1630.6649812670744,1.0006071329116821,1.0007082407766468
1630.6949812670744,1.0001639127731323,1.0002598490149384
1630.7249812670743,1.0002901554107666,1.0003871658604009
1630.7549812670743,0.9998290538787842,0.9999325302135769
1630.7849812670743,0.992009162902832,0.9921226355626362
1630.8149812670742,0.9833481311798096,0.9834729068941224
1630.8449812670742,0.9827489852905273,0.982884252475634
1630.8749812670742,0.9831893444061279,0.9833340210701147
1630.9049812670744,0.9837154746055603,0.9838688170496998
1630.9349812670744,0.9908085465431213,0.9909700080320522
1630.9649812670743,1.0005903244018555,1.000760018499912
1630.9949812670743,1.0000662803649902,1.0002452337145715
1631.0249812670743,0.9994866251945496,0.9996756601793199
1631.0549812670743,1.0002788305282593,1.0004779692701582
1631.0849812670742,0.999869167804718,1.0000778001509534
1631.1149812670742,0.9991483092308044,0.9993643065178718
1631.1449812670742,0.9997437000274658,0.9999629101830408
1631.1749812670744,0.9995214343070984,0.9997386644905735
1631.2049812670743,0.9993595480918884,0.9995696365742937
1631.2349812670743,0.9995956420898438,0.9997938317829377
1631.2649812670743,1.0002139806747437,1.0003964587560255
1631.2949812670743,0.999584436416626,0.9997494086606854
1631.3249812670742,1.0004404783248901,1.0005881242278298
1631.3549812670742,1.0000957250595093,1.0002278391167188
1631.3849812670742,0.9993278980255127,0.99944644523872
1631.4149812670744,1.0001163482666016,1.000223024527513
1631.4449812670744,0.9999923706054688,1.0000892071444616
1631.4749812670743,1.0001654624938965,1.0002547584215
1631.5049812670743,1.0003726482391357,1.0004566776959491
1631.5349812670743,0.9999625086784363,1.0000423621409578
1631.5649812670742,0.9996562004089355,0.9997309123007031
1631.5949812670742,1.0001176595687866,1.000184157950447
1631.6249812670742,0.9993067383766174,0.9993601291151951
1631.6549812670744,0.9993845224380493,0.9994183586877893
1631.6849812670744,0.999937891960144,0.9999453653614333
1631.7149812670743,0.999387264251709,0.9993627169778773
1631.7449812670743,1.0003273487091064,1.00026676584676
1631.7749812670743,1.0007692575454712,1.000671707704278
1631.8049812670743,0.999588131904602,0.9994551403502343
1631.8349812670742,1.0005680322647095,1.0004023500688681
1631.8649812670742,0.9998368620872498,0.9996426505892961
1631.8949812670742,1.0009633302688599,1.0007461667604525
1631.9249812670744,1.00063955783844,1.000407415625171
1631.9549812670743,1.000110149383545,0.9998717301925362
1631.9849812670743,1.0007160902023315,1.0004796677790235
1632.0149812670743,1.0014938116073608,1.0012672095922683
1632.0449812670743,1.000037670135498,0.9998271418810859
1632.0749812670742,0.9995927810668945,0.9994014855793405
1632.1049812670742,0.9997374415397644,0.9995651742392544
1632.1349812670742,0.9999021887779236,0.9997461463958861
1632.1649812670744,0.9998602867126465,0.9997165920273532
1632.1949812670744,1.0001243352890015,0.9999890371068764
1632.2249812670743,1.0003859996795654,1.0002556206725672
1632.2549812670743,1.0003782510757446,1.0002501825162995
1632.2849812670743,0.9999054074287415,0.9997772512641127
1632.3149812670742,0.9992666840553284,0.9991355257117213
1632.3449812670742,1.000166654586792,1.0000295362810514
1632.3749812670742,1.0004711151123047,1.000326338142135
1632.4049812670744,1.0004569292068481,1.000304537353246
1632.4349812670744,1.0006613731384277,1.0005025932368512
1632.4649812670743,0.9998714923858643,0.9997076662557475
1632.4949812670743,1.0003660917282104,1.000197942284656
1632.5249812670743,0.9996721148490906,0.9994997778138862
1632.5549812670743,1.0003206729888916,1.0001438785171541
1632.5849812670742,0.9997887015342712,0.9996078358007854
1632.6149812670742,1.0007985830307007,1.0006145968907416
1632.6449812670742,1.000740885734558,1.0005557067420114
1632.6749812670744,1.0000666379928589,0.9998825551719764
1632.7049812670743,0.999764084815979,0.9995817303955182
1632.7349812670743,1.0003637075424194,1.0001821522028902
1632.7649812670743,1.0001063346862793,0.9999239626674962
1632.7949812670743,0.9994720816612244,0.999286176372121
1632.8249812670742,1.0000392198562622,0.9998467181066744
1632.8549812670742,1.0004740953445435,1.0002732541031998
1632.8849812670742,1.0006159543991089,1.0004070265196514
1632.9149812670744,1.0004987716674805,1.0002831500455005
1632.9449812670744,1.0004198551177979,1.000199061140923
1632.9749812670743,0.9997114539146423,0.9994862437459043
1633.0049812670743,1.0004531145095825,1.0002233829959866
1633.0349812670743,1.000519037246704,1.0002842383476245
1633.0649812670742,1.0001903772354126,0.9999494552535892
1633.0949812670742,0.9995426535606384,0.999293497857155
1633.1249812670742,1.0006002187728882,1.000339901409124
1633.1549812670744,0.9998911023139954,0.9996169061251396
1633.1849812670744,1.0008063316345215,1.0005159131648689
1633.2149812670743,0.999904453754425,0.9995961753056415
1633.2449812670743,1.0006731748580933,1.0003456456014113
1633.2749812670743,1.0003687143325806,1.0000213462009124
1633.3049812670743,1.000081181526184,0.9997135830186364
1633.3349812670742,1.000121831893921,0.9997338002307646
1633.3649812670742,1.0010343790054321,1.0006265305123385
1633.3949812670742,1.0007001161575317,1.000274283965449
1633.4249812670744,0.999954879283905,0.999513203302076
1633.4549812670743,1.000656247138977,1.000200644787745
1633.4849812670743,1.0005418062210083,1.0000746873138162
1633.5149812670743,1.0007259845733643,1.0002505659480703
1633.5449812670743,1.0003780126571655,0.9998980921170502
1633.5749812670742,1.0005578994750977,1.0000772288634956
1633.6049812670742,1.000678539276123,1.0002010413123466
1633.6349812670742,1.0008631944656372,1.000392824392125
1633.6649812670744,0.9996713995933533,0.9992115672314976
1633.6949812670744,1.0007246732711792,1.0002781088175994
1633.7249812670743,1.000610113143921,1.000180061709502
1633.7549812670743,1.0001399517059326,0.9997301966092288
1633.7849812670743,1.0010268688201904,1.0006418764463987
1633.8149812670742,1.001010537147522,1.000655592072476
1633.8449812670742,1.0003749132156372,1.000054253346324
1633.8749812670742,1.0004485845565796,1.0001636498992343
1633.9049812670744,0.9996127486228943,0.9993619800963164
1633.9349812670744,1.0003632307052612,1.0001423773262743
1633.9649812670743,0.9998566508293152,0.9996599679782437
1633.9949812670743,0.9996309280395508,0.9994508359433295
1634.0249812670743,0.9997549653053284,0.9995825993778771
1634.0549812670743,0.9999553561210632,0.999782475012246
1634.0849812670742,0.9996954202651978,0.9995160620401493
1634.1149812670742,1.0006295442581177,1.000441110832964
1634.1449812670742,1.0002720355987549,1.0000757877804587
1634.1749812670744,1.0003859996795654,1.0001859265795896
1634.2049812670743,1.0008063316345215,1.0006086741352909
1634.2349812670743,1.0004966259002686,1.0003095306893757
1634.2649812670743,1.0007765293121338,1.0006087098895122
1634.2949812670743,1.0002007484436035,1.0000601474361412
1634.3249812670742,1.0001240968704224,1.0000164725745635
1634.3549812670742,0.9994555711746216,0.9993840183820417
1634.3849812670742,1.0000189542770386,0.9999845978057056
1634.4149812670744,1.000275731086731,1.0002788865610897
1634.4449812670744,1.0002301931381226,1.000269996282373
1634.4749812670743,1.000025987625122,1.000099555114495
1634.5049812670743,0.9979446530342102,0.9980467018614101
1634.5349812670743,0.9853932857513428,0.9855158932661297
1634.5649812670742,0.9831556677818298,0.9832891388632428
1634.5949812670742,0.9825153946876526,0.9826502552837325
1634.6249812670742,0.983153223991394,0.9832810354226811
1634.6549812670744,0.9855441451072693,0.9856579949799645
1634.6849812670744,0.9975042939186096,0.9975991166446809
1634.7149812670743,0.9998694062232971,0.9999419531295833
1634.7449812670743,1.000443458557129,1.0004923413337978
1634.7749812670743,1.0005732774734497,1.0005985687194316
1634.8049812670743,1.0001124143600464,1.0001143290983399
1634.8349812670742,0.9992387294769287,0.999215905186917
1634.8649812670742,0.999925971031189,0.999875023742927
1634.8949812670742,0.9996635317802429,0.9995806860390343
1634.9249812670744,0.9998770952224731,0.999759466185498
1634.9549812670743,1.0003128051757812,1.000159714685366
1634.9849812670743,1.0004737377166748,1.0002873088348685
1635.0149812670743,1.000433087348938,1.0002177240741772
1635.0449812670743,1.0007048845291138,1.0004666692541333
1635.0749812670742,1.0001616477966309,0.9999076470423041
1635.1049812670742,1.0001752376556396,0.9999126566660715
1635.1349812670742,1.0003979206085205,1.0001341674865019
1635.1649812670744,1.0008058547973633,1.000548434409809
1635.1949812670744,1.0006937980651855,1.0004503156858302
1635.2249812670743,1.0001530647277832,0.9999302631509557
1635.2549812670743,1.0003293752670288,1.000132094469817
1635.2849812670743,1.0003224611282349,1.000153713752111
1635.3149812670742,0.9997328519821167,0.999593571649354
1635.3449812670742,0.9995933175086975,0.9994826318937576
1635.3749812670742,1.0003185272216797,1.0002349671931399
1635.4049812670744,0.9997110962867737,0.9996529612911351
1635.4349812670744,1.0003604888916016,1.0003254811208773
1635.4649812670743,0.9999219179153442,0.9999076409106666
1635.4949812670743,1.0003010034561157,1.000305468624183
1635.5249812670743,0.9995517730712891,0.9995729117716834
1635.5549812670743,0.9996337890625,0.999668594931115
1635.5849812670742,0.9994121789932251,0.999457548214762
1635.6149812670742,1.0002391338348389,1.000293228446612
1635.6449812670742,1.0005697011947632,1.0006330449504242
1635.6749812670744,1.0002100467681885,1.0002848664547257
1635.7049812670743,0.9995228052139282,0.9996117826441077
1635.7349812670743,1.0000478029251099,1.0001526760391168
1635.7649812670743,0.9997408986091614,0.9998629331626573
1635.7949812670743,0.999884843826294,1.0000254396407102
1635.8249812670742,1.0004850625991821,1.000645941120008
1635.8549812670742,1.0000680685043335,1.0002503723976068
1635.8849812670742,0.9998694062232971,1.0000725595155835
1635.9149812670744,0.9994606971740723,0.9996815843616649
1635.9449812670744,0.9995210766792297,0.999753667859085
1635.9749812670743,0.9992270469665527,0.9994627295003283
1636.0049812670743,0.9995139837265015,0.9997426942418982
1636.0349812670743,0.9998030066490173,1.000015083693092
1636.0649812670742,0.9995073676109314,0.9996939178724752
1636.0949812670742,0.9989259243011475,0.9990785262906753
1636.1249812670742,0.9999712705612183,1.0000824723255262
1636.1549812670744,1.000044345855713,1.0001095904724693
1636.1849812670744,1.0003669261932373,1.000385223704108
1636.2149812670743,1.0001980066299438,1.0001712109935577
1636.2449812670743,1.0004297494888306,1.0003614234645446
1636.2749812670743,1.000533938407898,1.0004285544586589
1636.3049812670743,0.9998525381088257,0.9997148323989757
1636.3349812670742,0.9997804760932922,0.9996141003911263
1636.3649812670742,1.0003663301467896,1.0001746296045242
1636.3949812670742,1.0000585317611694,0.9998462466485943
1636.4249812670744,1.0006006956100464,1.0003742301471559
1636.4549812670743,1.000542402267456,1.0003095495575829
1636.4849812670743,1.0009562969207764,1.0007258245368467
1636.5149812670743,1.0006557703018188,1.0004363072030984
1636.5449812670743,0.9992560744285583,0.9990540001037472
1636.5749812670742,1.000798225402832,1.000617116697585
1636.6049812670742,1.0000805854797363,0.9999229470878269
1636.6349812670742,1.0000303983688354,0.9998967815103783
1636.6649812670744,1.000510334968567,1.00039890497417
1636.6949812670744,0.9994074106216431,0.9993141991413571
1636.7249812670743,1.000100016593933,1.000018649198622
1636.7549812670743,0.999591052532196,0.9995142619066959
1636.7849812670743,1.000287413597107,1.00020771193243
1636.8149812670742,0.9992634654045105,0.9991735334920908
1636.8449812670742,0.9999501705169678,0.9998434162084752
1636.8749812670742,1.0009689331054688,1.0008411286727135
1636.9049812670744,1.0002694129943848,1.000118896016426
1636.9349812670744,1.0004897117614746,1.0003154493689899
1636.9649812670743,0.9995080232620239,0.9993084125970938
1636.9949812670743,0.9995149374008179,0.9992873910117469
1637.0249812670743,1.0000711679458618,0.9998136630189499
1637.0549812670743,1.0012234449386597,1.0009368850214875
1637.0849812670742,1.0004987716674805,1.0001875794198924
1637.1149812670742,1.0006521940231323,1.0003226098909705
1637.1449812670742,1.001212477684021,1.0008710408152193
1637.1749812670744,0.9998518824577332,0.9995043553434207
1637.2049812670743,1.0005160570144653,1.000166077740002
1637.2349812670743,1.0007380247116089,1.000387549996225
1637.2649812670743,0.9996626973152161,0.9993116029798875
1637.2949812670743,1.000169277191162,0.9998148003512224
1637.3249812670742,1.0002046823501587,0.9998428513814247
1637.3549812670742,1.000109314918518,0.9997358468395313
1637.3849812670742,1.0005714893341064,1.0001823757009427
1637.4149812670744,1.0000760555267334,0.9996682572306258
1637.4449812670744,1.0006550550460815,1.0002268209530065
1637.4749812670743,1.0006784200668335,1.000229517466492
1637.5049812670743,1.0005085468292236,1.0000396637351212
1637.5349812670743,1.0003587007522583,0.9998711412827731
1637.5649812670742,1.0003647804260254,0.9998606179407811
1637.5949812670742,1.0006396770477295,1.0001217798876174
1637.6249812670742,1.0014301538467407,1.0009025557275193
1637.6549812670744,1.0006152391433716,1.0000825895560141
1637.6849812670744,1.000545620918274,1.0000114953576098
1637.7149812670743,1.0002226829528809,0.9996895183778475
1637.7449812670743,1.0006234645843506,1.0000925918989487
1637.7749812670743,1.0011532306671143,1.0006249494003299
1637.8049812670743,1.0004560947418213,0.9999295054204097
1637.8349812670742,1.0000112056732178,0.9994837261311691
1637.8649812670742,1.0006591081619263,1.0001265417425755
1637.8949812670742,1.0003331899642944,0.9997903866306518
1637.9249812670744,0.9996301531791687,0.9990715769265605
1637.9549812670743,1.0011240243911743,1.0005448224121007
1637.9849812670743,1.000908374786377,1.0003058580260336
1638.0149812670743,1.0005757808685303,0.9999487556583839
1638.0449812670743,1.0007085800170898,1.0000566884105635
1638.0749812670742,1.0006150007247925,0.9999386057849603
1638.1049812670742,1.0008946657180786,1.000194772257977
1638.1349812670742,1.0010793209075928,1.0003573344441126
1638.1649812670744,1.0007152557373047,0.9999728283642351
1638.1949812670744,1.0006589889526367,0.9998975267417654
1638.2249812670743,1.0014336109161377,1.0006537531739754
1638.2549812670743,0.9940202832221985,0.9932219552496789
1638.2849812670743,0.9847230315208435,0.983904835227014
1638.3149812670742,0.9833580851554871,0.9825168340634204
1638.3449812670742,0.984320878982544,0.9834525052933106
1638.3749812670742,0.984877347946167,0.9839786319600166
1638.4049812670744,0.9915369153022766,0.9906050598159599
1638.4349812670744,1.0014433860778809,1.0004762195981587
1638.4649812670743,0.9998707175254822,0.9988664953139417
1638.4949812670743,1.0011391639709473,1.0000956795424356
1638.5249812670743,1.0014495849609375,1.0003655009236614
1638.5549812670743,1.001589298248291,1.0004645742482532
1638.5849812670742,1.0012342929840088,1.0000690391461962
1638.6149812670742,1.0008565187454224,0.9996496807400158
1638.6449812670742,1.0007344484329224,0.9994836252716506
1638.6749812670744,1.0005768537521362,0.9992805538485579
1638.7049812670743,1.0017393827438354,1.0003991477560445
1638.7349812670743,1.0023384094238281,1.000959955306401
1638.7649812670743,1.0015146732330322,1.0001063619219697
1638.7949812670743,1.001992106437683,1.0005630191569277
1638.8249812670742,1.001547932624817,1.0001079214849145
1638.8549812670742,1.001859188079834,1.0004182953204446
1638.8849812670742,1.0015690326690674,1.000136831290928
1638.9149812670744,1.0011885166168213,0.9997733692837358
1638.9449812670744,1.0018699169158936,1.0004794308061877
1638.9749812670743,1.001202940940857,0.9998445354449571
1639.0049812670743,1.0027918815612793,1.0014731006021418
1642.1249812670742,0.9943263530731201,0.993917775607098
1642.1549812670744,1.001221776008606,1.0008785132384705
1642.1849812670744,1.0015548467636108,1.0012927311334083
1642.2149812670743,1.0003900527954102,1.0002194134143394
1642.2449812670743,0.9987229704856873,0.998647201984836
1642.2749812670743,0.9983104467391968,0.9983260829389681
1642.3049812670743,0.9981678128242493,0.9982665222651063
1642.3349812670742,1.0001556873321533,1.0003269428425463
1642.3649812670742,0.9993350505828857,0.9995685175042911
1642.3949812670742,0.999253511428833,0.9995392018758791
1642.4249812670744,1.0000622272491455,1.0003908528722283
1642.4549812670743,0.9994184374809265,0.9997816737165264
1642.4849812670743,1.0002669095993042,1.0006570285718661
1642.5149812670743,0.9982157349586487,0.998624960319448
1642.5449812670743,0.9994335770606995,0.9998537306373074
1642.5749812670742,0.9997933506965637,1.0002175936963738
1642.6049812670742,0.9993273019790649,0.9997507015785498
1642.6349812670742,0.9995872378349304,1.0000061848014794
1642.6649812670744,0.9990941882133484,0.9995063768214136
1642.6949812670744,1.0002309083938599,1.0006358303365765
1642.7249812670743,1.0003302097320557,1.0007293559958483
1642.7549812670743,0.9997172951698303,1.0001130124456181
1642.7849812670743,0.9995059967041016,0.9999004710542859
1642.8149812670742,0.9997814893722534,1.000176326331765
1642.8449812670742,0.9995891451835632,0.9999849123807004
1642.8749812670742,0.9995589256286621,0.9999548371813247
1642.9049812670744,0.998867392539978,0.9992616114823025
1642.9349812670744,0.9991891384124756,0.9995790444056823
1642.9649812670743,0.9998010993003845,1.0001845085037642
1642.9949812670743,1.0002293586730957,1.0006049771799344
1643.0249812670743,0.9995377659797668,0.9999041858808287
1643.0549812670743,0.9985500574111938,0.9989051114803246
1643.0849812670742,1.0000109672546387,1.0003521149430397
1643.1149812670742,0.9995205998420715,0.9998463812480918
1643.1449812670742,1.0000051259994507,1.0003152613520496
1643.1749812670744,0.9995001554489136,0.9997950961277473
1643.2049812670743,0.999435305595398,0.9997159901246042
1643.2349812670743,0.9994903206825256,0.999758221375301
1643.2649812670743,1.0005474090576172,1.000805287623074
1643.2949812670743,1.0001256465911865,1.0003776498427086
1643.3249812670742,0.9997622966766357,1.0000128137362676
1643.3549812670742,1.0010974407196045,1.001350061817638
1643.3849812670742,0.9985841512680054,0.9988407844011419
1643.4149812670744,0.9992231726646423,0.9994830985702646
1643.4449812670744,0.9997673630714417,1.0000285516001834
1643.4749812670743,0.9995248913764954,0.9997847650519349
1643.5049812670743,0.9999650716781616,1.0002207925919289
1643.5349812670743,0.9994209408760071,0.9996697693294992
1643.5649812670742,0.9994889497756958,0.9997279636338
1643.5949812670742,0.9994458556175232,0.9996726496060803
1643.6249812670742,1.0001306533813477,1.0003440591292725
1643.6549812670744,1.0003390312194824,1.000539222255354
1643.6849812670744,0.9996872544288635,0.9998748513173449
1643.7149812670743,0.9999443292617798,1.0001193140650706
1643.7449812670743,0.999097466468811,0.9992592311229764
1643.7749812670743,0.9997029304504395,0.9998507283402631
1643.8049812670743,1.000063419342041,1.000197169354919
1643.8349812670742,1.0001373291015625,1.0002582302044758
1643.8649812670742,1.0004054307937622,1.000515678196136
1643.8949812670742,1.0002317428588867,1.0003340804569132
1643.9249812670744,0.999874472618103,0.9999710918821371
1643.9549812670743,0.9999191761016846,1.0000105933409447
1643.9849812670743,0.9992249011993408,0.9993100045311278
1644.0149812670743,0.999597430229187,0.999674071515146
1644.0449812670743,1.0002490282058716,1.0003150291283747
1644.0749812670742,1.0000104904174805,1.0000639770436233
1644.1049812670742,1.0002106428146362,1.0002496203692868
1644.1349812670742,1.000215768814087,1.000238084617204
1644.1649812670744,0.9991980195045471,0.9992007742217487
1644.1949812670744,0.9996782541275024,0.9996579690193774
1644.2249812670743,1.0006471872329712,1.000600852143362
1644.2549812670743,1.0000102519989014,0.999935719403844
1644.2849812670743,0.999722421169281,0.999617810126406
1644.3149812670742,1.0003553628921509,1.0002194149492118
1644.3449812670742,1.0000923871994019,0.9999245962584861
1644.3749812670742,0.9994031190872192,0.9992036630012298
1644.4049812670744,1.000945806503296,1.0007159942362562
1644.4349812670744,1.0010045766830444,1.0007477810753629
1644.4649812670743,1.0000617504119873,0.9997822511072625
1644.4949812670743,1.000198483467102,0.9999000434875515
1644.5249812670743,1.0008869171142578,1.0005731043404458
1644.5549812670743,1.000227451324463,0.9999017799799147
1644.5849812670742,1.000747561454773,1.0004123384371066
1644.6149812670742,1.0004099607467651,1.0000657684292769
1644.6449812670742,0.9998060464859009,0.9994516250031139
1644.6749812670744,0.9991224408149719,0.9987544307959494
1644.7049812670743,1.0000358819961548,0.9996500012660956
1644.7349812670743,1.0005619525909424,1.0001563334607848
1644.7649812670743,1.001521110534668,1.0010978829443171
1644.7949812670743,1.0003083944320679,0.9998732152437445
1644.8249812670742,1.001096487045288,1.0006566530669119
1644.8549812670742,1.0002650022506714,0.9998289151234353
1644.8849812670742,1.000848412513733,1.0004247320979098
1644.9149812670744,1.000156044960022,0.9997541195120966
1644.9449812670744,1.0012577772140503,1.0008870188009917
1644.9749812670743,1.000664234161377,1.0003335193960692
1645.0049812670743,1.0001506805419922,0.9998669387028837
1645.0349812670743,1.0003817081451416,1.0001493669800796
1645.0649812670742,0.9995515942573547,0.9993725376147413
1645.0949812670742,1.0002351999282837,1.0001087908437862
1645.1249812670742,1.0003392696380615,1.0002637615717795
1645.1549812670744,0.9995818734169006,0.9995547582205799
1645.1849812670744,0.9999768733978271,0.9999939031512678
1645.2149812670743,0.999098002910614,0.9991542266053354
1645.2449812670743,1.0006864070892334,1.000776865600801
1645.2749812670743,0.9992181062698364,0.9993384933889784
1645.3049812670743,0.9994816184043884,0.999627500829926
1645.3349812670742,1.0001025199890137,1.0002702556279448
1645.3649812670742,0.9998009204864502,0.9999885134316473
1645.3949812670742,1.0003690719604492,1.0005760436101996
1645.4249812670744,0.9999863505363464,1.0002130881782334
1645.4549812670743,0.9994745850563049,0.9997205851630785
1645.4849812670743,0.9994515776634216,0.9997149817609036
1645.5149812670743,0.9998297095298767,1.0001078375358046
1645.5449812670743,0.9999555349349976,1.000245805056587
1645.5749812670742,0.9992777705192566,0.9995776902825066
1645.6049812670742,0.9998841881752014,1.000190745913791
1645.6349812670742,0.9997619390487671,1.0000717256404026
1645.6649812670744,0.9995047450065613,0.9998136824615773
1645.6949812670744,0.999267578125,0.9995703131551976
1645.7249812670743,0.9931143522262573,0.9934045237199581
1645.7549812670743,0.9837007522583008,0.983971842129535
1645.7849812670743,0.9823455810546875,0.9825909566701239
1645.8149812670742,0.9835563898086548,0.9837699325347954
1645.8449812670742,0.9834177494049072,0.9835946560842568
1645.8749812670742,0.9892874360084534,0.9894237733568205
1645.9049812670744,0.9999637007713318,1.0000574827574273
1645.9349812670744,0.999866247177124,0.9999187038778938
1645.9649812670743,1.0006687641143799,1.0006844630525837
1645.9949812670743,1.0005244016647339,1.0005106787801472
1646.0249812670743,1.0000905990600586,1.0000555788980212
1646.0549812670743,1.000557780265808,1.000509068759438
1646.0849812670742,0.9996681213378906,0.9996124923372086
1646.1149812670742,1.0001373291015625,1.0000804834271435
1646.1449812670742,1.0001193284988403,1.0000666068291115
1646.1749812670744,1.0001411437988281,1.0000974197249222
1646.2049812670743,1.0000745058059692,1.0000441658551869
1646.2349812670743,0.9998489022254944,0.9998358133528733
1646.2649812670743,1.0001044273376465,1.000111649631735
1646.2949812670743,1.0002690553665161,1.0002992637133534
1646.3249812670742,1.0004209280014038,1.0004762645006016
1646.3549812670742,0.9999357461929321,1.000016900578289
1646.3849812670742,0.999515175819397,0.9996202828617751
1646.4149812670744,1.000152826309204,1.000277742242863
1646.4449812670744,0.9987381100654602,0.9988768481763106
1646.4749812670743,0.9998052716255188,0.999950780037078
1646.5049812670743,1.0002893209457397,1.0004349090303184
1646.5349812670743,0.9996378421783447,0.9997774338764064
1646.5649812670742,0.9997289776802063,0.9998563109189272
1646.5949812670742,0.9994809627532959,0.9995895874965481
1646.6249812670742,0.9995468854904175,0.9996306206968343
1646.6549812670744,1.0002659559249878,1.0003202405577605
1646.6849812670744,0.9999974966049194,1.0000198653177828
1646.7149812670743,1.0001134872436523,1.0001031261523652
1646.7449812670743,1.0001965761184692,1.000154406591091
1646.7749812670743,0.9998739957809448,0.9998020862367093
1646.8049812670743,1.0008889436721802,1.0007901973491504
1646.8349812670742,1.000535488128662,1.0004135800184197
1646.8649812670742,1.000105857849121,0.9999636443014466
1646.8949812670742,1.0000648498535156,0.9999034435842908
1646.9249812670744,0.9994785785675049,0.999297455979357
1646.9549812670743,0.9995759725570679,0.999373691961708
1646.9849812670743,1.0005779266357422,1.0003539724435389
1647.0149812670743,1.0005861520767212,1.0003420406884074
1647.0449812670743,1.0006814002990723,1.0004201458421076
1647.0749812670742,1.0002678632736206,0.9999928907011993
1647.1049812670742,1.0003329515457153,1.0000465135691896
1647.1349812670742,1.000857949256897,1.0005607653336541
1647.1649812670744,1.0002888441085815,0.999980000237368
1647.1949812670744,0.999890923500061,0.9995669954297332
1647.2249812670743,1.0002355575561523,0.9998908898844214
1647.2549812670743,0.9999570250511169,0.9995850656113059
1647.2849812670743,1.000095248222351,0.9996890471865947
1647.3149812670742,1.0006541013717651,1.0002067552603287
1647.3449812670742,1.0000348091125488,0.9995402200828045
1647.3749812670742,0.9998690485954285,0.9993219952053571
1647.4049812670744,1.000242829322815,0.9996403249610143
1647.4349812670744,1.0004407167434692,0.9997840863233795
1647.4649812670743,1.0005230903625488,0.9998193850510448
1647.4949812670743,1.0012236833572388,1.0004865380121064
1647.5249812670743,1.003095269203186,1.002346005947201
1647.5549812670743,1.0034619569778442,1.0027279647837228
1647.5849812670742,1.0021061897277832,1.0014150261902524
1647.6149812670742,1.0004172325134277,0.9997885290331113
1647.6449812670742,0.9994563460350037,0.9988971727699061
1647.6749812670744,0.9984633326530457,0.9979690623749609
1647.7049812670743,0.9997066855430603,0.9992647932999734
1647.7349812670743,0.9996182918548584,0.9992134414388896
1647.7649812670743,1.0000711679458618,0.9996888787089525
1647.7949812670743,1.0002340078353882,0.9998628230210991
1647.8249812670742,1.0003565549850464,0.9999883859987951
1647.8549812670742,1.0003324747085571,0.999962675099134
1647.8849812670742,1.0012409687042236,1.0008683639180436
1647.9149812670744,1.0009428262710571,1.0005690118679755
1647.9449812670744,1.000304937362671,0.9999329928684444
1647.9749812670743,1.000476598739624,1.000109802354732
1648.0049812670743,1.0009753704071045,1.0006165330722767
1648.0349812670743,0.9999700784683228,0.9996206747786196
1648.0649812670742,1.000213861465454,0.9998734929486278
1648.0949812670742,1.0007723569869995,1.0004395985135928
1648.1249812670742,0.9992787837982178,0.9989513287018457
1648.1549812670744,1.0002198219299316,0.9998941187499014
1648.1849812670744,1.0003284215927124,1.0000017199572686
1648.2149812670743,1.0003383159637451,1.0000093204925826
1648.2449812670743,1.0005625486373901,1.000231549262074
1648.2749812670743,1.000626564025879,1.0002957617363035
1648.3049812670743,1.0007295608520508,1.0004023768674668
1648.3349812670742,1.0008925199508667,1.0005727418581987
1648.3649812670742,1.0001221895217896,0.9998125693163216
1648.3949812670742,0.9998697638511658,0.9995709618544045
1648.4249812670744,1.0004781484603882,1.0001891638634823
1648.4549812670743,1.0002267360687256,0.9999460257666897
1648.4849812670743,1.0001912117004395,0.9999164321744703
1648.5149812670743,1.0001332759857178,0.9998617157557481
1648.5449812670743,1.000309705734253,1.0000382256338696
1648.5749812670742,1.0002601146697998,0.9999853817757778
1648.6049812670742,0.9997903108596802,0.9995090356001398
1648.6349812670742,1.0004630088806152,1.000172154285938
1648.6649812670744,1.000412940979004,1.0001106161787263
1648.6949812670744,1.000474452972412,1.0001594175243167
1648.7249812670743,1.0000412464141846,0.9997124223947923
1648.7549812670743,1.0002962350845337,0.9999524573978755
1648.7849812670743,1.0003927946090698,1.0000335271256062
1648.8149812670742,1.001173973083496,1.0007995753488488
1648.8449812670742,1.0004736185073853,1.0000851054358653
1648.8749812670742,1.000124216079712,0.9997220486492986
1648.9049812670744,0.9998335242271423,0.9994169230412618
1648.9349812670744,1.0002671480178833,0.9998351405650894
1648.9649812670743,1.0002048015594482,0.9997575722622322
1648.9949812670743,1.0012198686599731,1.000759338558617
1649.0249812670743,1.0002610683441162,0.9997912111393922
1649.0549812670743,1.0007812976837158,1.0003071317668144
1649.0849812670742,1.0007944107055664,1.000321889847905
1649.1149812670742,1.0007569789886475,1.0002922973178412
1649.1449812670742,1.0003105401992798,0.9998589216473274
1649.1749812670744,1.000205636024475,0.9997709357186042
1649.2049812670743,1.0002044439315796,0.9997902826291813
1649.2349812670743,1.0011334419250488,1.0007440566183239
1649.2649812670743,1.0001254081726074,0.9997658859562083
1649.2949812670743,1.0008357763290405,1.0005108767902122
1649.3249812670742,1.0006966590881348,1.0004103497964534
1649.3549812670742,1.0000760555267334,0.9998306850745322
1649.3849812670742,0.9999487400054932,0.9997439433536657
1649.4149812670744,1.000435709953308,1.0002685734060464
1649.4449812670744,0.9985678791999817,0.9984332396966707
1649.4749812670743,0.9863155484199524,0.986205959784924
1649.5049812670743,0.9832552075386047,0.9831616467856873
1649.5349812670743,0.9828249216079712,0.9827382069914697
1649.5649812670742,0.9830960035324097,0.9830079129235794
1649.5949812670742,0.9856983423233032,0.9856024027129332
1649.6249812670742,0.9964447617530823,0.996336522783284
1649.6549812670744,0.999901533126831,0.9997781450110745
1649.6849812670744,1.0007349252700806,1.0005964902674893
1649.7149812670743,1.0010273456573486,1.00087770586082
1649.7449812670743,1.0003076791763306,1.0001528057203148
1649.7749812670743,1.0000382661819458,0.9998838069996333
1649.8049812670743,1.0001041889190674,0.9999545994037707
1649.8349812670742,1.0003539323806763,1.0002131456766148
1649.8649812670742,1.0002893209457397,1.0001608878181005
1649.8949812670742,1.000008225440979,0.9998951962411606
1649.9249812670744,1.0001953840255737,1.0000998523938094
1649.9549812670743,1.0002264976501465,1.000149368218713
1649.9849812670743,0.9997443556785583,0.9996854959514223
1650.0149812670743,1.0001722574234009,1.0001303265138553
1650.0449812670743,0.9997873902320862,0.9997600581039097
1650.0749812670742,1.0000282526016235,1.000012258572396
1650.1049812670742,0.9994933009147644,0.9994851562964279
1650.1349812670742,1.0000399351119995,1.0000362424666034
1650.1649812670744,1.0000203847885132,1.000018378819844
1650.1949812670744,0.9998705387115479,0.9998680907960983
1650.2249812670743,1.000324010848999,1.0003197206475185
1650.2549812670743,1.0002381801605225,1.0002312389872257
1650.2849812670743,0.9995492696762085,0.9995387969797036
1650.3149812670742,1.0001683235168457,1.0001533018002653
1650.3449812670742,1.0001635551452637,1.0001437324253195
1650.3749812670742,0.9998481273651123,0.9998234548175797
1650.4049812670744,1.0001848936080933,1.000155192224132
1650.4349812670744,1.0004258155822754,1.000390989902357
1650.4649812670743,0.9998875856399536,0.9998472811659804
1650.4949812670743,0.9997413754463196,0.9996945001612282
1650.5249812670743,0.9999678134918213,0.9999126320294692
1650.5549812670743,0.9999363422393799,0.9998710170601107
1650.5849812670742,0.9998149275779724,0.9997380736380879
1650.6149812670742,1.0003806352615356,1.000292321261166
1650.6449812670742,1.0008527040481567,1.000755196206852
1650.6749812670744,0.9994369149208069,0.9993336466159622
1650.7049812670743,1.0003337860107422,1.0002280702186488
1650.7349812670743,1.0003300905227661,1.0002256742871773
1650.7649812670743,1.0005712509155273,1.0004721029250931
1650.7949812670743,0.9995241165161133,0.999433953720032
1650.8249812670742,1.0000845193862915,1.000005919230947
1650.8549812670742,1.0003080368041992,1.0002429590935382
1650.8849812670742,0.999767541885376,0.9997176030154976
1650.9149812670744,0.9997362494468689,0.9997027868861058
1650.9449812670744,1.0001994371414185,1.0001844328747558
1650.9749812670743,1.0008965730667114,1.0009031817654725
1651.0049812670743,1.0007410049438477,1.000772635009786
1651.0349812670743,0.9988523125648499,0.9989098235207197
1651.0649812670742,0.9995222687721252,0.9996022107976397
1651.0949812670742,0.9994699358940125,0.9995671943042215
1651.1249812670742,1.000336766242981,1.0004466542035158
1651.1549812670744,0.9995899200439453,0.9997085562677299
1651.1849812670744,1.0001298189163208,1.0002536729150229
1651.2149812670743,0.9999529719352722,1.0000789149126283
1651.2449812670743,0.9990984201431274,0.9992232761359606
1651.2749812670743,1.0000611543655396,1.0001817470060872
1651.3049812670743,1.0000646114349365,1.0001786391863616
1651.3349812670742,0.9998350739479065,0.9999414701543
1651.3649812670742,0.9996479749679565,0.9997466674928897
1651.3949812670742,0.9998640418052673,0.9999561377997088
1651.4249812670744,1.0005621910095215,1.0006507623426277
1651.4549812670743,1.0005565881729126,1.0006459651479442
1651.4849812670743,1.000278353691101,1.0003722882739072
1651.5149812670743,0.9990200996398926,0.9991208045719687
1651.5449812670743,0.9992042779922485,0.9993119151427676
1651.5749812670742,1.0001847743988037,1.0002989266832885
1651.6049812670742,0.9995771050453186,0.9996983622432754
1651.6349812670742,1.0006821155548096,1.0008122858905553
1651.6649812670744,0.9998895525932312,1.0000320559559623
1651.6949812670744,0.9996225237846375,0.9997805380845456
1651.7249812670743,1.0002801418304443,1.0004561025851737
1651.7549812670743,0.9992861747741699,0.9994820321529367
1651.7849812670743,1.0002752542495728,1.0004924051651258
1651.8149812670742,0.9991233348846436,0.9993626523316005
1651.8449812670742,1.000411868095398,1.0006730617507458
1651.8749812670742,0.9994927048683167,0.999775033930387
1651.9049812670744,0.9997538328170776,1.0000555490151593
1651.9349812670744,0.999267578125,0.9995856695412527
1651.9649812670743,0.9993419647216797,0.9996724824617815
1651.9949812670743,0.9996214509010315,0.9999601521874324
1652.0249812670743,0.9997633099555969,1.0001060059733464
1652.0549812670743,0.9993685483932495,0.9997114449679194
1652.0849812670742,0.9998636245727539,1.0002032322241574
1652.1149812670742,0.9995394945144653,0.9998725377128806
1652.1449812670742,0.9991440176963806,0.9994674474941867
1652.1749812670744,0.9998090267181396,1.0001204694883632
1652.2049812670743,0.9996181726455688,0.99991665772625
1652.2349812670743,1.0006462335586548,1.0009323174647067
1652.2649812670743,0.9999070167541504,1.000182326430355
1652.2949812670743,0.9994534850120544,0.9997189509861052
1652.3249812670742,0.9994234442710876,0.9996781891246256
1652.3549812670742,0.9991777539253235,0.9994195428102683
1652.3849812670742,1.0005475282669067,1.0007742170924943
1652.4149812670744,0.9999229907989502,1.0001334585973307
1652.4449812670744,0.9995391964912415,0.999732169101596
1652.4749812670743,0.9994891881942749,0.9996623387779713
1652.5049812670743,0.999971866607666,1.0001219531364438
1652.5349812670743,1.0000535249710083,1.0001768160364304
1652.5649812670742,0.9993938207626343,0.9994860334896918
1652.5949812670742,1.000070333480835,1.0001263774387603
1652.6249812670742,0.9995712041854858,0.9995862499346628
1652.6549812670744,1.0002284049987793,1.0001980575884837
1652.6849812670744,0.9994025826454163,0.9993237450584712
1652.7149812670743,1.0002737045288086,1.0001448776897879
1652.7449812670743,1.00059974193573,1.0004223072024765
1652.7749812670743,1.0003949403762817,1.0001727780815945
1652.8049812670743,1.000170111656189,0.9999081783087425
1652.8349812670742,1.0004302263259888,1.0001342833670808
1652.8649812670742,1.0007374286651611,1.0004144483655584
1652.8949812670742,1.0011388063430786,1.0007968410546013
