        -0.0530330            0.9994528            0.0011683    1.00112235   0.00112241   0.00112384  
        -0.0521035            0.9993258            0.0011682    1.00058289   0.00112234   0.00058390  
        -0.0511739            1.0008575            0.0011691    1.00146449   0.00112320   0.00146800  
        -0.0502444            1.0007435            0.0011690    1.00076096   0.00112314   0.00076323  
        -0.0493149            1.0004258            0.0011689    0.99981727   0.00112296  -0.00018339  
        -0.0483854            1.0018620            0.0011697    1.00106055   0.00112376   0.00106459  
        -0.0474558            1.0004157            0.0011689    0.99991746   0.00112295  -0.00008283  
        -0.0373148            0.9996635            0.0011684    1.00111683   0.00112253   0.00111856  
        -0.0363852            1.0000000            0.0011686    1.00197200   0.00112272   0.00197403  
        -0.0354557            0.9954195            0.0011659    0.99778746   0.00112014  -0.00221392  
        -0.0345262            0.9978616            0.0011674    1.00010500   0.00112152   0.00010508  
        -0.0335967            0.9967963            0.0011667    0.99853152   0.00112092  -0.00147033  
        -0.0326672            0.9987982            0.0011679    0.99952645   0.00112204  -0.00047462  
        -0.0317376            0.9992103            0.0011682    0.99954915   0.00112227  -0.00045205  
        -0.0308081            0.9990445            0.0011681    0.99909189   0.00112218  -0.00091079  
        -0.0298786            0.9991392            0.0011681    0.99927334   0.00112223  -0.00072874  
        -0.0195112            0.9873696            0.0011612    0.98996508   0.00111561  -0.00034464  
        -0.0185817            0.9828864            0.0011586    0.98660809   0.00111307  -0.00121703  
        -0.0176522            0.9818400            0.0011580    0.98483504   0.00111248  -0.00117600  
        -0.0167227            0.9808983            0.0011574    0.98386641   0.00111194  -0.00114216  
        -0.0157931            0.9809842            0.0011574    0.98353164   0.00111199  -0.00070111  
        -0.0148636            0.9829392            0.0011586    0.98487296   0.00111310   0.00128114  
        -0.0139341            0.9801434            0.0011570    0.98125944   0.00111152  -0.00179605  
        -0.0130046            0.9811461            0.0011575    0.98163404   0.00111208  -0.00095516  
        -0.0120750            0.9811993            0.0011576    0.98175421   0.00111211  -0.00042915  
        -0.0017109            0.9753446            0.0011541    0.97833029   0.00110879  -0.00180068  
        -0.0007814            0.9755045            0.0011542    0.97960244   0.00110888  -0.00049945  
         0.0001482            0.9767101            0.0011549    0.98128579   0.00110957   0.00118860  
         0.0010777            0.9756795            0.0011543    0.97896447   0.00110898  -0.00114442  
         0.0020072            0.9790324            0.0011563    0.98151306   0.00111089   0.00136910  
         0.0029367            0.9791903            0.0011564    0.98177313   0.00111098   0.00157130  
         0.0038663            0.9784821            0.0011560    0.97998362   0.00111057  -0.00029888  
         0.0047958            0.9806258            0.0011572    0.98208849   0.00111179   0.00170624  
         0.0057253            0.9807786            0.0011573    0.98171817   0.00111188   0.00120869  
         0.0160925            0.9819078            0.0011580    0.98524946   0.00111252   0.00078416  
         0.0170221            0.9813447            0.0011577    0.98636793   0.00111220   0.00106642  
         0.0179516            0.9807363            0.0011573    0.98640214   0.00111185  -0.00004067  
         0.0188811            0.9844151            0.0011595    0.98956460   0.00111394   0.00097135  
         0.0198106            0.9880008            0.0011616    0.99114216   0.00111596  -0.00000928  
         0.0207402            0.9900448            0.0011628    0.99280966   0.00111712  -0.00093790  
         0.0216697            0.9936332            0.0011649    0.99581188   0.00111914  -0.00033379  
         0.0225992            0.9969829            0.0011668    0.99801012   0.00112102  -0.00013787  
         0.0235287            0.9986369            0.0011678    0.99972551   0.00112195   0.00018218  
