        -0.0530330            1.0014134            0.0022410    1.00159046   0.00291079   0.00159371  
        -0.0521035            1.0043474            0.0022443    1.00318105   0.00291506   0.00319182  
        -0.0511739            1.0046520            0.0022446    1.00185200   0.00291550   0.00186130  
        -0.0502444            1.0035789            0.0022434    0.99953905   0.00291394  -0.00046384  
        -0.0493149            1.0089419            0.0022494    1.00304377   0.00292172   0.00306846  
        -0.0483854            1.0045173            0.0022445    0.99859097   0.00291530  -0.00142054  
        -0.0474558            1.0052712            0.0022453    1.00000556   0.00291640   0.00000560  
        -0.0373148            1.0002257            0.0022397    1.00051491   0.00290907   0.00051590  
        -0.0363852            1.0000000            0.0022394    1.00087770   0.00290874   0.00087888  
        -0.0354557            0.9974788            0.0022366    0.99782768   0.00290507  -0.00217637  
        -0.0345262            0.9998935            0.0022393    0.99920572   0.00290858  -0.00079659  
        -0.0335967            1.0010401            0.0022406    0.99953688   0.00291025  -0.00046484  
        -0.0326672            1.0038478            0.0022437    1.00027682   0.00291433   0.00027843  
        -0.0317376            1.0032809            0.0022431    0.99818284   0.00291351  -0.00183049  
        -0.0308081            1.0076858            0.0022480    1.00192493   0.00291990   0.00194029  
        -0.0298786            1.0035462            0.0022434    0.99766909   0.00291389  -0.00234984  
        -0.0195112            0.9917197            0.0022301    0.99127133   0.00289667  -0.00008353  
        -0.0185817            0.9847471            0.0022223    0.98632753   0.00288647  -0.00268777  
        -0.0176522            0.9838678            0.0022213    0.98433391   0.00288518  -0.00298043  
        -0.0167227            0.9861454            0.0022238    0.98564275   0.00288852  -0.00062065  
        -0.0157931            0.9866354            0.0022244    0.98470379   0.00288924  -0.00072652  
        -0.0148636            0.9873806            0.0022252    0.98409097   0.00289033  -0.00064194  
        -0.0139341            0.9859384            0.0022236    0.98113728   0.00288822  -0.00301516  
        -0.0130046            0.9901780            0.0022284    0.98392345   0.00289442   0.00031437  
        -0.0120750            0.9865844            0.0022243    0.98084290   0.00288916  -0.00233352  
        -0.0017109            0.9784389            0.0022151    0.97772934   0.00287721  -0.00309330  
        -0.0007814            0.9810263            0.0022181    0.98077043   0.00288101  -0.00000964  
         0.0001482            0.9825483            0.0022198    0.98374371   0.00288325   0.00297516  
         0.0010777            0.9800140            0.0022169    0.97980941   0.00287953  -0.00098100  
         0.0020072            0.9849393            0.0022225    0.98271654   0.00288675   0.00189561  
         0.0029367            0.9854670            0.0022231    0.98221288   0.00288753   0.00132452  
         0.0038663            0.9842542            0.0022217    0.97925047   0.00288575  -0.00175019  
         0.0047958            0.9885943            0.0022266    0.98265527   0.00289210   0.00156125  
         0.0057253            0.9916724            0.0022301    0.98575194   0.00289660   0.00453562  
         0.0160925            0.9883371            0.0022263    0.98781417   0.00289173   0.00214146  
         0.0170221            0.9888299            0.0022269    0.98933894   0.00289245   0.00277405  
         0.0179516            0.9869657            0.0022248    0.98777352   0.00288972   0.00004703  
         0.0188811            0.9899220            0.0022281    0.98907536   0.00289405  -0.00066335  
         0.0198106            0.9944553            0.0022332    0.99182732   0.00290066  -0.00031736  
         0.0207402            0.9978958            0.0022371    0.99436362   0.00290568  -0.00019082  
         0.0216697            1.0010220            0.0022406    0.99619160   0.00291023  -0.00055389  
         0.0225992            1.0031519            0.0022429    0.99685761   0.00291332  -0.00167669  
         0.0235287            1.0068006            0.0022470    1.00075997   0.00291861   0.00107282  
