        -0.0530330            1.0019676            0.0011892    1.00065351   0.00119577   0.00065393  
        -0.0521035            1.0014562            0.0011889    1.00015321   0.00119546   0.00015331  
        -0.0511739            1.0012491            0.0011888    0.99995279   0.00119534  -0.00004724  
        -0.0502444            1.0010577            0.0011886    0.99965922   0.00119523  -0.00034103  
        -0.0493149            1.0016917            0.0011890    1.00095016   0.00119560   0.00095023  
        -0.0483854            1.0009138            0.0011886    1.00014784   0.00119514   0.00014786  
        -0.0474558            1.0015633            0.0011890    1.00087311   0.00119553   0.00087313  
        -0.0373148            1.0004627            0.0011883    0.99851931   0.00119487  -0.00148258  
        -0.0363852            1.0000000            0.0011880    0.99917505   0.00119459  -0.00082508  
        -0.0354557            1.0003572            0.0011882    0.99999005   0.00119481  -0.00000995  
        -0.0345262            1.0000349            0.0011880    0.99963068   0.00119461  -0.00036922  
        -0.0335967            1.0007787            0.0011885    0.99979206   0.00119506  -0.00020801  
        -0.0326672            1.0003682            0.0011882    0.99969923   0.00119481  -0.00030077  
        -0.0317376            1.0008519            0.0011885    1.00050478   0.00119510   0.00050461  
        -0.0308081            0.9995019            0.0011877    0.99937637   0.00119430  -0.00062329  
        -0.0298786            0.9995332            0.0011877    0.99978705   0.00119431  -0.00021275  
        -0.0195112            0.9921599            0.0011834    0.99143045   0.00118990   0.00120600  
        -0.0185817            0.9886728            0.0011813    0.98796661   0.00118781   0.00010891  
        -0.0176522            0.9863029            0.0011799    0.98675158   0.00118638   0.00042020  
        -0.0167227            0.9844880            0.0011788    0.98497243   0.00118529  -0.00057897  
        -0.0157931            0.9840213            0.0011785    0.98444585   0.00118501  -0.00049689  
        -0.0148636            0.9833384            0.0011781    0.98356259   0.00118460  -0.00087499  
        -0.0139341            0.9835572            0.0011782    0.98401146   0.00118473   0.00000399  
        -0.0130046            0.9838941            0.0011784    0.98497130   0.00118493   0.00133461  
        -0.0120750            0.9821977            0.0011774    0.98317953   0.00118391  -0.00012856  
        -0.0017109            0.9813745            0.0011769    0.98129871   0.00118342  -0.00032285  
        -0.0007814            0.9796125            0.0011758    0.98102922   0.00118235  -0.00056716  
         0.0001482            0.9825566            0.0011776    0.98316033   0.00118413   0.00156689  
         0.0010777            0.9806596            0.0011765    0.98183166   0.00118299   0.00022789  
         0.0020072            0.9804057            0.0011763    0.98191515   0.00118283   0.00028135  
         0.0029367            0.9808330            0.0011766    0.98209430   0.00118309   0.00041234  
         0.0038663            0.9805219            0.0011764    0.98200584   0.00118290   0.00025751  
         0.0047958            0.9784038            0.0011751    0.98018945   0.00118162  -0.00164001  
         0.0057253            0.9789611            0.0011755    0.98080182   0.00118196  -0.00113461  
         0.0160925            0.9851478            0.0011792    0.98549774   0.00118569   0.00037135  
         0.0170221            0.9846103            0.0011788    0.98627548   0.00118537   0.00049556  
         0.0179516            0.9847973            0.0011790    0.98674280   0.00118548   0.00009073  
         0.0188811            0.9849018            0.0011790    0.98745690   0.00118554  -0.00111365  
         0.0198106            0.9880939            0.0011809    0.99097671   0.00118746  -0.00006971  
         0.0207402            0.9917255            0.0011831    0.99418418   0.00118964   0.00056043  
         0.0216697            0.9939491            0.0011844    0.99632929   0.00119097   0.00028077  
         0.0225992            0.9960149            0.0011857    0.99876580   0.00119221   0.00065517  
         0.0235287            0.9967461            0.0011861    0.99937647   0.00119265  -0.00018864  
