         0.3400000            0.0500000    0.01619636   0.00041851  
#         0.3150000            0.0250000    0.01544369   0.00089719  
#         0.3650000            0.0250000    0.01648763   0.00044478  
         0.4050000            0.0150000    0.01637004   0.00036261  
         0.4275000            0.0075000    0.01627046   0.00041224  
         0.4425000            0.0075000    0.01583078   0.00039114  
         0.4625000            0.0125000    0.01547811   0.00025280  
         0.4796000            0.0046000    0.01631794   0.00049797  
         0.4861000            0.0020000    0.01573139   0.00069108  
         0.4941000            0.0060000    0.01517259   0.00039991  
         0.5050500            0.0049500    0.01557531   0.00048215  
         0.5175000            0.0075000    0.01494901   0.00034670  
         0.5325000            0.0075000    0.01522325   0.00034910  
         0.5450000            0.0050000    0.01530329   0.00043379  
         0.5550000            0.0050000    0.01527482   0.00048337  
         0.5650000            0.0050000    0.01478482   0.00062318  
