        -0.0530330            1.0001400            0.0010521    0.99968831   0.00101377  -0.00031224  
        -0.0521035            1.0015337            0.0010528    1.00073532   0.00101447   0.00073687  
        -0.0511739            1.0012406            0.0010527    1.00019720   0.00101432   0.00019766  
        -0.0502444            1.0001123            0.0010521    0.99911577   0.00101375  -0.00088626  
        -0.0493149            1.0003118            0.0010522    0.99939933   0.00101385  -0.00060200  
        -0.0483854            1.0011762            0.0010526    1.00040177   0.00101429   0.00040261  
        -0.0474558            1.0004171            0.0010522    0.99940786   0.00101391  -0.00059350  
        -0.0373148            1.0004098            0.0010522    1.00022725   0.00101390   0.00022759  
        -0.0363852            1.0000000            0.0010520    1.00060462   0.00101370   0.00060504  
        -0.0354557            0.9995135            0.0010517    1.00014953   0.00101345   0.00014963  
        -0.0345262            1.0000636            0.0010520    1.00037599   0.00101373   0.00037636  
        -0.0335967            0.9995361            0.0010518    0.99947062   0.00101346  -0.00053010  
        -0.0326672            1.0001522            0.0010521    0.99980582   0.00101377  -0.00019450  
        -0.0317376            0.9992575            0.0010516    0.99909759   0.00101332  -0.00090372  
        -0.0308081            0.9998620            0.0010519    0.99997933   0.00101363  -0.00002069  
        -0.0298786            1.0001644            0.0010521    1.00013581   0.00101378   0.00013599  
        -0.0195112            0.9907225            0.0010471    0.99173652   0.00100898   0.00115792  
        -0.0185817            0.9862808            0.0010448    0.98774841   0.00100672  -0.00043101  
        -0.0176522            0.9848162            0.0010440    0.98643776   0.00100597  -0.00006792  
        -0.0167227            0.9845358            0.0010438    0.98594905   0.00100583   0.00037486  
        -0.0157931            0.9857508            0.0010445    0.98689695   0.00100645   0.00205377  
        -0.0148636            0.9840391            0.0010436    0.98492111   0.00100557   0.00068363  
        -0.0139341            0.9824779            0.0010427    0.98333169   0.00100478  -0.00039058  
        -0.0130046            0.9823765            0.0010427    0.98323730   0.00100472  -0.00003987  
        -0.0120750            0.9816788            0.0010423    0.98255553   0.00100437  -0.00033417  
        -0.0017109            0.9789443            0.0010409    0.98057238   0.00100297  -0.00034124  
        -0.0007814            0.9775762            0.0010401    0.98009237   0.00100227  -0.00079254  
         0.0001482            0.9788159            0.0010408    0.98116153   0.00100290   0.00028238  
         0.0010777            0.9775679            0.0010401    0.97975534   0.00100226  -0.00113615  
         0.0020072            0.9789518            0.0010409    0.98067431   0.00100297  -0.00025247  
         0.0029367            0.9787726            0.0010408    0.98077254   0.00100288  -0.00020969  
         0.0038663            0.9792631            0.0010410    0.98088548   0.00100313  -0.00017382  
         0.0047958            0.9799555            0.0010414    0.98196235   0.00100348   0.00080312  
         0.0057253            0.9800639            0.0010415    0.98180433   0.00100354   0.00052276  
         0.0160925            0.9823162            0.0010427    0.98480276   0.00100469  -0.00025980  
         0.0170221            0.9815554            0.0010423    0.98516756   0.00100430  -0.00067662  
         0.0179516            0.9831231            0.0010431    0.98694632   0.00100511   0.00005837  
         0.0188811            0.9860481            0.0010446    0.98943248   0.00100660   0.00051692  
         0.0198106            0.9874476            0.0010454    0.99036076   0.00100731  -0.00103578  
         0.0207402            0.9912348            0.0010474    0.99416597   0.00100924   0.00023202  
         0.0216697            0.9928899            0.0010483    0.99570290   0.00101009  -0.00057806  
         0.0225992            0.9969526            0.0010504    0.99939144   0.00101215   0.00114855  
         0.0235287            0.9972361            0.0010505    0.99971164   0.00101229   0.00011433  
