        -0.0530330            0.9998512            0.0010375    1.00122488   0.00102887   0.00122659  
        -0.0521035            1.0003205            0.0010378    1.00109110   0.00102911   0.00109328  
        -0.0511739            1.0016684            0.0010385    1.00157835   0.00102980   0.00158287  
        -0.0502444            1.0013821            0.0010383    1.00055431   0.00102965   0.00055631  
        -0.0493149            1.0022142            0.0010388    1.00050499   0.00103008   0.00050726  
        -0.0483854            1.0024116            0.0010389    1.00053967   0.00103018   0.00054218  
        -0.0474558            1.0014068            0.0010383    0.99995407   0.00102967  -0.00004613  
        -0.0373148            0.9997697            0.0010375    1.00099485   0.00102882   0.00099639  
        -0.0363852            1.0000000            0.0010376    1.00174906   0.00102894   0.00175085  
        -0.0354557            0.9958182            0.0010354    0.99778186   0.00102679  -0.00221992  
        -0.0345262            0.9982790            0.0010367    0.99993276   0.00102806  -0.00006732  
        -0.0335967            0.9976725            0.0010364    0.99874038   0.00102774  -0.00126177  
        -0.0326672            0.9998779            0.0010375    0.99970507   0.00102888  -0.00029580  
        -0.0317376            1.0000191            0.0010376    0.99921619   0.00102895  -0.00078662  
        -0.0308081            1.0008568            0.0010381    0.99969053   0.00102938  -0.00031070  
        -0.0298786            0.9999930            0.0010376    0.99889401   0.00102894  -0.00111028  
        -0.0195112            0.9882251            0.0010315    0.99023402   0.00102287  -0.00032269  
        -0.0185817            0.9832222            0.0010289    0.98650587   0.00102027  -0.00160002  
        -0.0176522            0.9822832            0.0010284    0.98476640   0.00101979  -0.00155448  
        -0.0167227            0.9820142            0.0010282    0.98428507   0.00101965  -0.00102341  
        -0.0157931            0.9821166            0.0010283    0.98375755   0.00101970  -0.00076151  
        -0.0148636            0.9839421            0.0010292    0.98479731   0.00102065   0.00093395  
        -0.0139341            0.9813893            0.0010279    0.98126788   0.00101932  -0.00204870  
        -0.0130046            0.9830500            0.0010288    0.98212866   0.00102019  -0.00070663  
        -0.0120750            0.9823684            0.0010284    0.98161864   0.00101983  -0.00080067  
        -0.0017109            0.9759790            0.0010251    0.97823865   0.00101651  -0.00205839  
        -0.0007814            0.9766358            0.0010254    0.97986480   0.00101685  -0.00040134  
         0.0001482            0.9779854            0.0010261    0.98186674   0.00101755   0.00160606  
         0.0010777            0.9765809            0.0010254    0.97914826   0.00101682  -0.00112534  
         0.0020072            0.9802899            0.0010273    0.98179968   0.00101875   0.00149136  
         0.0029367            0.9804756            0.0010274    0.98186036   0.00101885   0.00149242  
         0.0038663            0.9797188            0.0010270    0.97985506   0.00101846  -0.00059912  
         0.0047958            0.9823052            0.0010284    0.98222545   0.00101980   0.00167107  
         0.0057253            0.9830607            0.0010288    0.98257234   0.00102019   0.00188763  
         0.0160925            0.9832582            0.0010289    0.98583795   0.00102029   0.00108292  
         0.0170221            0.9829436            0.0010287    0.98706338   0.00102013   0.00145880  
         0.0179516            0.9820704            0.0010283    0.98676069   0.00101968   0.00001510  
         0.0188811            0.9855174            0.0010301    0.98945754   0.00102146   0.00059510  
         0.0198106            0.9893810            0.0010321    0.99134113   0.00102346  -0.00004473  
         0.0207402            0.9916520            0.0010333    0.99311916   0.00102464  -0.00082041  
         0.0216697            0.9951877            0.0010351    0.99590085   0.00102646  -0.00038779  
         0.0225992            0.9983009            0.0010367    0.99776738   0.00102807  -0.00047228  
         0.0235287            1.0003960            0.0010378    0.99997347   0.00102915   0.00039230  
