        -0.0530330            1.0015831            0.0010741    1.00105556   0.00106784   0.00105783  
        -0.0521035            1.0024051            0.0010745    1.00155457   0.00106828   0.00155842  
        -0.0511739            1.0015257            0.0010741    1.00030502   0.00106781   0.00030589  
        -0.0502444            1.0031670            0.0010750    1.00151476   0.00106869   0.00151973  
        -0.0493149            1.0022090            0.0010744    1.00052663   0.00106818   0.00052837  
        -0.0483854            1.0012371            0.0010739    0.99929370   0.00106766  -0.00070883  
        -0.0474558            1.0021754            0.0010744    0.99999914   0.00106816  -0.00000086  
        -0.0373148            1.0004016            0.0010735    1.00002539   0.00106721   0.00002545  
        -0.0363852            1.0000000            0.0010733    0.99991440   0.00106700  -0.00008575  
        -0.0354557            0.9997758            0.0010731    0.99981917   0.00106688  -0.00018111  
        -0.0345262            0.9993758            0.0010729    0.99923843   0.00106667  -0.00076291  
        -0.0335967            0.9996077            0.0010730    0.99909262   0.00106679  -0.00090933  
        -0.0326672            0.9995123            0.0010730    0.99877910   0.00106674  -0.00122379  
        -0.0317376            1.0002297            0.0010734    0.99932322   0.00106712  -0.00067850  
        -0.0308081            1.0009189            0.0010737    0.99968810   0.00106749  -0.00031279  
        -0.0298786            1.0009257            0.0010738    0.99972454   0.00106749  -0.00027624  
        -0.0195112            0.9907741            0.0010683    0.99080150   0.00106207   0.00027107  
        -0.0185817            0.9865637            0.0010660    0.98772675   0.00105981  -0.00036597  
        -0.0176522            0.9838960            0.0010646    0.98441015   0.00105837  -0.00192254  
        -0.0167227            0.9860519            0.0010657    0.98631560   0.00105953   0.00098082  
        -0.0157931            0.9837288            0.0010645    0.98364610   0.00105828  -0.00091076  
        -0.0148636            0.9840494            0.0010647    0.98379956   0.00105846  -0.00010745  
        -0.0139341            0.9838047            0.0010645    0.98333851   0.00105832  -0.00001594  
        -0.0130046            0.9826866            0.0010639    0.98224546   0.00105772  -0.00063289  
        -0.0120750            0.9835155            0.0010644    0.98278720   0.00105817   0.00032745  
        -0.0017109            0.9796015            0.0010623    0.98014834   0.00105606  -0.00018014  
        -0.0007814            0.9778898            0.0010613    0.97954477   0.00105514  -0.00075344  
         0.0001482            0.9786353            0.0010617    0.98055927   0.00105554   0.00026857  
         0.0010777            0.9803386            0.0010627    0.98112374   0.00105646   0.00081899  
         0.0020072            0.9799753            0.0010625    0.98053627   0.00105626   0.00019400  
         0.0029367            0.9801453            0.0010625    0.98014471   0.00105635  -0.00025852  
         0.0038663            0.9804179            0.0010627    0.98054119   0.00105650   0.00005511  
         0.0047958            0.9818143            0.0010635    0.98171820   0.00105725   0.00112654  
         0.0057253            0.9806543            0.0010628    0.98044197   0.00105663  -0.00028493  
         0.0160925            0.9844877            0.0010649    0.98501255   0.00105869   0.00022282  
         0.0170221            0.9840956            0.0010647    0.98595917   0.00105848   0.00033288  
         0.0179516            0.9853100            0.0010653    0.98743437   0.00105913   0.00068872  
         0.0188811            0.9868947            0.0010662    0.98899567   0.00105999   0.00015257  
         0.0198106            0.9902099            0.0010680    0.99110470   0.00106176  -0.00025342  
         0.0207402            0.9930356            0.0010695    0.99332155   0.00106328  -0.00058640  
         0.0216697            0.9958068            0.0010710    0.99604009   0.00106476  -0.00021872  
         0.0225992            0.9985161            0.0010725    0.99896720   0.00106621   0.00075163  
         0.0235287            0.9997069            0.0010731    1.00003896   0.00106684   0.00046567  
