        -0.0530330            1.0006688            0.0012149    1.00079759   0.00099751   0.00080155  
        -0.0521035            0.9999765            0.0012145    1.00038466   0.00099717   0.00038646  
        -0.0511739            0.9993233            0.0012141    0.99967251   0.00099684  -0.00032904  
        -0.0502444            0.9990374            0.0012140    0.99929671   0.00099670  -0.00070668  
        -0.0493149            1.0033495            0.0012166    1.00267338   0.00099885   0.00268879  
        -0.0483854            0.9986473            0.0012137    0.99803738   0.00099650  -0.00197381  
        -0.0474558            1.0005351            0.0012149    1.00034011   0.00099744   0.00034190  
        -0.0373148            0.9994672            0.0012142    0.99937172   0.00099691  -0.00063153  
        -0.0363852            1.0000000            0.0012145    1.00050191   0.00099718   0.00050421  
        -0.0354557            0.9987442            0.0012138    0.99972675   0.00099655  -0.00027437  
        -0.0345262            0.9988960            0.0012139    1.00032803   0.00099663   0.00032923  
        -0.0335967            0.9979821            0.0012133    1.00002565   0.00099617   0.00002573  
        -0.0326672            0.9989279            0.0012139    1.00042508   0.00099664   0.00042660  
        -0.0317376            0.9990167            0.0012139    0.99992305   0.00099669  -0.00007727  
        -0.0308081            0.9985390            0.0012137    0.99918513   0.00099645  -0.00081849  
        -0.0298786            0.9984301            0.0012136    0.99890531   0.00099639  -0.00109974  
        -0.0195112            0.9909552            0.0012090    0.99145425   0.00099266   0.00130553  
        -0.0185817            0.9857195            0.0012058    0.98760637   0.00099003  -0.00022840  
        -0.0176522            0.9839796            0.0012048    0.98605154   0.00098916  -0.00038477  
        -0.0167227            0.9825289            0.0012039    0.98506539   0.00098843  -0.00068569  
        -0.0157931            0.9824197            0.0012038    0.98510289   0.00098837  -0.00011222  
        -0.0148636            0.9821183            0.0012036    0.98475307   0.00098822  -0.00002009  
        -0.0139341            0.9821397            0.0012036    0.98427972   0.00098823  -0.00011831  
        -0.0130046            0.9818447            0.0012035    0.98316638   0.00098808  -0.00090954  
        -0.0120750            0.9832183            0.0012043    0.98489235   0.00098877   0.00110551  
        -0.0017109            0.9799923            0.0012023    0.98150296   0.00098715  -0.00085716  
        -0.0007814            0.9804783            0.0012026    0.98208958   0.00098740  -0.00024859  
         0.0001482            0.9792587            0.0012019    0.98266289   0.00098678   0.00033116  
         0.0010777            0.9783921            0.0012013    0.98216138   0.00098635  -0.00018088  
         0.0020072            0.9785084            0.0012014    0.98203433   0.00098640  -0.00033257  
         0.0029367            0.9788130            0.0012016    0.98253433   0.00098656   0.00012813  
         0.0038663            0.9794068            0.0012020    0.98249477   0.00098686   0.00003083  
         0.0047958            0.9800050            0.0012023    0.98266065   0.00098716   0.00012667  
         0.0057253            0.9810694            0.0012030    0.98380387   0.00098769   0.00118119  
         0.0160925            0.9825433            0.0012039    0.98551026   0.00098844   0.00013751  
         0.0170221            0.9826169            0.0012039    0.98589209   0.00098847  -0.00005535  
         0.0179516            0.9830252            0.0012042    0.98715731   0.00098868   0.00044229  
         0.0188811            0.9843175            0.0012050    0.98841267   0.00098933  -0.00011705  
         0.0198106            0.9857572            0.0012059    0.99006178   0.00099005  -0.00091097  
         0.0207402            0.9897369            0.0012083    0.99446066   0.00099205   0.00091372  
         0.0216697            0.9911115            0.0012091    0.99557428   0.00099274  -0.00042067  
         0.0225992            0.9948689            0.0012114    0.99863010   0.00099462   0.00054381  
         0.0235287            0.9953675            0.0012117    0.99933836   0.00099487  -0.00023273  
