        -0.0530330            0.9998461            0.0011077    0.99991148   0.00089821  -0.00008878  
        -0.0521035            0.9994481            0.0011075    1.00005923   0.00089803   0.00005938  
        -0.0511739            0.9993102            0.0011074    1.00014599   0.00089796   0.00014632  
        -0.0502444            0.9999739            0.0011078    1.00049842   0.00089826   0.00049970  
        -0.0493149            1.0005540            0.0011081    1.00124381   0.00089852   0.00124680  
        -0.0483854            1.0007085            0.0011082    1.00099069   0.00089859   0.00099347  
        -0.0474558            1.0004127            0.0011080    1.00093571   0.00089846   0.00093811  
        -0.0373148            0.9993279            0.0011074    0.99883409   0.00089797  -0.00117009  
        -0.0363852            1.0000000            0.0011078    1.00012858   0.00089827   0.00012896  
        -0.0354557            0.9980189            0.0011067    0.99903939   0.00089738  -0.00096260  
        -0.0345262            0.9974943            0.0011064    0.99913971   0.00089715  -0.00086152  
        -0.0335967            0.9991985            0.0011074    1.00084757   0.00089791   0.00084879  
        -0.0326672            0.9976879            0.0011065    0.99966638   0.00089724  -0.00033399  
        -0.0317376            0.9975826            0.0011065    0.99944088   0.00089719  -0.00055980  
        -0.0308081            0.9974907            0.0011064    0.99896354   0.00089715  -0.00103813  
        -0.0298786            0.9974443            0.0011064    0.99925691   0.00089713  -0.00074404  
        -0.0195112            0.9894154            0.0011019    0.99016231   0.00089351  -0.00028757  
        -0.0185817            0.9881272            0.0011012    0.98928756   0.00089293   0.00116174  
        -0.0176522            0.9848660            0.0010994    0.98687666   0.00089145   0.00020706  
        -0.0167227            0.9830836            0.0010984    0.98567452   0.00089064  -0.00023713  
        -0.0157931            0.9820550            0.0010978    0.98497464   0.00089018  -0.00034391  
        -0.0148636            0.9813233            0.0010974    0.98428462   0.00088985  -0.00054271  
        -0.0139341            0.9811317            0.0010973    0.98401723   0.00088976  -0.00039184  
        -0.0130046            0.9810446            0.0010973    0.98411459   0.00088972   0.00006708  
        -0.0120750            0.9810039            0.0010972    0.98381454   0.00088970   0.00008194  
        -0.0017109            0.9806632            0.0010970    0.98262156   0.00088955   0.00050474  
        -0.0007814            0.9787333            0.0010960    0.98175601   0.00088867  -0.00033833  
         0.0001482            0.9783162            0.0010957    0.98149464   0.00088848  -0.00059375  
         0.0010777            0.9792276            0.0010962    0.98286181   0.00088890   0.00076151  
         0.0020072            0.9778145            0.0010955    0.98222201   0.00088825   0.00009361  
         0.0029367            0.9779034            0.0010955    0.98189775   0.00088829  -0.00027566  
         0.0038663            0.9793277            0.0010963    0.98361848   0.00088894   0.00137965  
         0.0047958            0.9781017            0.0010956    0.98205960   0.00088838  -0.00025897  
         0.0057253            0.9767064            0.0010948    0.98067538   0.00088775  -0.00174238  
         0.0160925            0.9830468            0.0010984    0.98571131   0.00089063   0.00021517  
         0.0170221            0.9830584            0.0010984    0.98658311   0.00089063   0.00045039  
         0.0179516            0.9833065            0.0010985    0.98748467   0.00089075   0.00050458  
         0.0188811            0.9834071            0.0010986    0.98878589   0.00089079  -0.00004237  
         0.0198106            0.9862210            0.0011002    0.99190760   0.00089206   0.00064746  
         0.0207402            0.9878045            0.0011010    0.99310706   0.00089278  -0.00068697  
         0.0216697            0.9906087            0.0011026    0.99582834   0.00089405  -0.00035444  
         0.0225992            0.9929830            0.0011039    0.99851796   0.00089512   0.00031315  
         0.0235287            0.9949789            0.0011050    1.00024153   0.00089602   0.00062558  
