        -0.0530330            1.0010739            0.0009683    0.99987065   0.00088553  -0.00012994  
        -0.0521035            0.9998889            0.0009677    0.99871209   0.00088500  -0.00129372  
        -0.0511739            1.0014866            0.0009685    1.00041554   0.00088571   0.00041737  
        -0.0502444            1.0011220            0.0009683    1.00024463   0.00088555   0.00024566  
        -0.0493149            1.0016664            0.0009686    1.00103355   0.00088579   0.00103764  
        -0.0483854            1.0004696            0.0009680    1.00009744   0.00088526   0.00009780  
        -0.0474558            0.9999315            0.0009677    0.99958874   0.00088502  -0.00041277  
        -0.0373148            1.0000207            0.0009678    0.99978414   0.00088506  -0.00021663  
        -0.0363852            1.0000000            0.0009678    0.99994973   0.00088505  -0.00005044  
        -0.0354557            1.0010251            0.0009683    1.00098607   0.00088550   0.00098939  
        -0.0345262            0.9993170            0.0009674    0.99931099   0.00088475  -0.00069130  
        -0.0335967            1.0004448            0.0009680    1.00064583   0.00088525   0.00064785  
        -0.0326672            1.0003422            0.0009679    1.00077754   0.00088520   0.00077979  
        -0.0317376            0.9988502            0.0009672    0.99947495   0.00088454  -0.00052647  
        -0.0308081            0.9987827            0.0009672    0.99959950   0.00088451  -0.00040150  
        -0.0298786            0.9988827            0.0009672    0.99985467   0.00088456  -0.00014567  
        -0.0195112            0.9901322            0.0009630    0.99072986   0.00088067   0.00019370  
        -0.0185817            0.9857975            0.0009609    0.98710968   0.00087874  -0.00113728  
        -0.0176522            0.9865985            0.0009612    0.98773398   0.00087910   0.00089873  
        -0.0167227            0.9839979            0.0009600    0.98509326   0.00087794  -0.00101015  
        -0.0157931            0.9853296            0.0009606    0.98647281   0.00087854   0.00095062  
        -0.0148636            0.9840284            0.0009600    0.98545319   0.00087796   0.00040783  
        -0.0139341            0.9818780            0.0009589    0.98359320   0.00087700  -0.00104757  
        -0.0130046            0.9823514            0.0009592    0.98436895   0.00087721   0.00008160  
        -0.0120750            0.9820174            0.0009590    0.98420508   0.00087706   0.00022397  
        -0.0017109            0.9805796            0.0009583    0.98237592   0.00087642  -0.00003757  
        -0.0007814            0.9801028            0.0009581    0.98225831   0.00087620  -0.00013290  
         0.0001482            0.9804860            0.0009583    0.98310040   0.00087637   0.00071549  
         0.0010777            0.9793224            0.0009577    0.98172657   0.00087585  -0.00067040  
         0.0020072            0.9803167            0.0009582    0.98280638   0.00087630   0.00038268  
         0.0029367            0.9802121            0.0009581    0.98263917   0.00087625   0.00017136  
         0.0038663            0.9787764            0.0009574    0.98169046   0.00087561  -0.00083924  
         0.0047958            0.9787279            0.0009574    0.98177455   0.00087559  -0.00083439  
         0.0057253            0.9804483            0.0009582    0.98386210   0.00087636   0.00115559  
         0.0160925            0.9830475            0.0009595    0.98591732   0.00087752   0.00022034  
         0.0170221            0.9829726            0.0009595    0.98625893   0.00087748  -0.00005692  
         0.0179516            0.9843232            0.0009601    0.98775190   0.00087809   0.00061589  
         0.0188811            0.9853026            0.0009606    0.98878308   0.00087852  -0.00015089  
         0.0198106            0.9876817            0.0009618    0.99117154   0.00087958  -0.00016712  
         0.0207402            0.9894656            0.0009626    0.99304818   0.00088038  -0.00080893  
         0.0216697            0.9928955            0.0009643    0.99686055   0.00088190   0.00062944  
         0.0225992            0.9938866            0.0009648    0.99843797   0.00088234   0.00019942  
         0.0235287            0.9945265            0.0009651    0.99935083   0.00088263  -0.00028313  
