        -0.0530330            1.0015166            0.0017557    1.00103924   0.00147978   0.00104392  
        -0.0521035            0.9993146            0.0017538    0.99953836   0.00147816  -0.00046339  
        -0.0511739            0.9993773            0.0017538    0.99969014   0.00147820  -0.00031101  
        -0.0502444            1.0000423            0.0017544    0.99929245   0.00147869  -0.00071093  
        -0.0493149            0.9995043            0.0017540    0.99894721   0.00147830  -0.00105761  
        -0.0483854            1.0031535            0.0017572    1.00168398   0.00148099   0.00169324  
        -0.0474558            1.0021433            0.0017563    1.00136081   0.00148025   0.00136735  
        -0.0373148            1.0001844            0.0017546    0.99888702   0.00147880  -0.00111891  
        -0.0363852            1.0000000            0.0017544    0.99915878   0.00147866  -0.00084531  
        -0.0354557            0.9994399            0.0017539    0.99984244   0.00147825  -0.00015813  
        -0.0345262            0.9985231            0.0017531    0.99980035   0.00147757  -0.00020019  
        -0.0335967            0.9987661            0.0017533    0.99982096   0.00147775  -0.00017957  
        -0.0326672            0.9987219            0.0017533    1.00034626   0.00147772   0.00034709  
        -0.0317376            1.0007912            0.0017551    1.00179248   0.00147925   0.00179789  
        -0.0308081            1.0001031            0.0017545    0.99999784   0.00147874  -0.00000217  
        -0.0298786            0.9979281            0.0017526    0.99875884   0.00147713  -0.00124511  
        -0.0195112            0.9907219            0.0017462    0.99028198   0.00147179  -0.00018848  
        -0.0185817            0.9886591            0.0017444    0.98916802   0.00147025   0.00093033  
        -0.0176522            0.9854333            0.0017416    0.98672327   0.00146785  -0.00026924  
        -0.0167227            0.9848708            0.0017411    0.98678947   0.00146743   0.00042309  
        -0.0157931            0.9831260            0.0017395    0.98528406   0.00146613  -0.00059443  
        -0.0148636            0.9825403            0.0017390    0.98468913   0.00146570  -0.00078400  
        -0.0139341            0.9841400            0.0017404    0.98600512   0.00146689   0.00088250  
        -0.0130046            0.9828541            0.0017393    0.98516879   0.00146593   0.00034520  
        -0.0120750            0.9807795            0.0017375    0.98258330   0.00146438  -0.00198464  
        -0.0017109            0.9820809            0.0017386    0.98327433   0.00146535   0.00005220  
        -0.0007814            0.9812997            0.0017379    0.98417450   0.00146477   0.00097220  
         0.0001482            0.9805935            0.0017373    0.98380609   0.00146424   0.00060803  
         0.0010777            0.9790402            0.0017359    0.98226000   0.00146308  -0.00094856  
         0.0020072            0.9795379            0.0017364    0.98415365   0.00146346   0.00092182  
         0.0029367            0.9801189            0.0017369    0.98293146   0.00146389  -0.00033736  
         0.0038663            0.9796238            0.0017364    0.98341668   0.00146352   0.00009417  
         0.0047958            0.9796530            0.0017365    0.98230258   0.00146354  -0.00108845  
         0.0057253            0.9811801            0.0017378    0.98432093   0.00146468   0.00084690  
         0.0160925            0.9850538            0.0017412    0.98638061   0.00146757   0.00035844  
         0.0170221            0.9844388            0.0017407    0.98694474   0.00146711   0.00039740  
         0.0179516            0.9834673            0.0017398    0.98676703   0.00146639  -0.00047747  
         0.0188811            0.9823362            0.0017388    0.98786603   0.00146554  -0.00103511  
         0.0198106            0.9858177            0.0017419    0.99149490   0.00146814   0.00023067  
         0.0207402            0.9912193            0.0017467    0.99548730   0.00147216   0.00170982  
         0.0216697            0.9917091            0.0017471    0.99577001   0.00147252  -0.00040330  
         0.0225992            0.9924697            0.0017478    0.99779111   0.00147308  -0.00042595  
         0.0235287            0.9946415            0.0017497    0.99948350   0.00147470  -0.00016105  
