        -0.0530330            1.0003771            0.0009763    0.99996500   0.00088564  -0.00003510  
        -0.0521035            1.0004610            0.0009763    1.00029659   0.00088567   0.00029742  
        -0.0511739            1.0002144            0.0009762    1.00024153   0.00088557   0.00024216  
        -0.0502444            1.0003099            0.0009762    1.00051733   0.00088561   0.00051857  
        -0.0493149            0.9996110            0.0009759    0.99986165   0.00088530  -0.00013867  
        -0.0483854            0.9999399            0.0009760    1.00007688   0.00088544   0.00007708  
        -0.0474558            1.0003304            0.0009762    1.00005518   0.00088562   0.00005534  
        -0.0373148            0.9995222            0.0009758    0.99911505   0.00088526  -0.00088762  
        -0.0363852            1.0000000            0.0009761    1.00023107   0.00088547   0.00023162  
        -0.0354557            0.9989240            0.0009755    0.99962912   0.00088499  -0.00037159  
        -0.0345262            0.9995344            0.0009758    1.00053854   0.00088526   0.00053941  
        -0.0335967            0.9994170            0.0009758    1.00059051   0.00088521   0.00059136  
        -0.0326672            0.9977863            0.0009750    0.99902150   0.00088449  -0.00097985  
        -0.0317376            0.9989560            0.0009756    1.00036577   0.00088501   0.00036622  
        -0.0308081            0.9977621            0.0009750    0.99918409   0.00088448  -0.00081688  
        -0.0298786            0.9983846            0.0009753    0.99949721   0.00088476  -0.00050355  
        -0.0195112            0.9899866            0.0009712    0.99096150   0.00088103   0.00072484  
        -0.0185817            0.9869008            0.0009697    0.98841246   0.00087965   0.00050239  
        -0.0176522            0.9844877            0.0009685    0.98635180   0.00087858  -0.00013352  
        -0.0167227            0.9832622            0.0009679    0.98547616   0.00087803  -0.00029656  
        -0.0157931            0.9831379            0.0009678    0.98559750   0.00087797   0.00037936  
        -0.0148636            0.9825567            0.0009675    0.98513511   0.00087771   0.00037400  
        -0.0139341            0.9806660            0.0009666    0.98328308   0.00087687  -0.00109044  
        -0.0130046            0.9819702            0.0009672    0.98449591   0.00087745   0.00045590  
        -0.0120750            0.9812718            0.0009669    0.98355542   0.00087714  -0.00019522  
        -0.0017109            0.9798184            0.0009662    0.98181388   0.00087649  -0.00047158  
        -0.0007814            0.9800361            0.0009663    0.98276038   0.00087659   0.00049575  
         0.0001482            0.9789876            0.0009658    0.98203020   0.00087612  -0.00022900  
         0.0010777            0.9782078            0.0009654    0.98144071   0.00087577  -0.00082819  
         0.0020072            0.9798357            0.0009662    0.98320691   0.00087650   0.00091122  
         0.0029367            0.9785619            0.0009655    0.98237131   0.00087593   0.00003560  
         0.0038663            0.9782792            0.0009654    0.98198062   0.00087580  -0.00041143  
         0.0047958            0.9784588            0.0009655    0.98230849   0.00087588  -0.00015728  
         0.0057253            0.9797682            0.0009661    0.98322195   0.00087647   0.00066483  
         0.0160925            0.9823076            0.0009674    0.98540754   0.00087760   0.00002345  
         0.0170221            0.9824625            0.0009675    0.98643033   0.00087767   0.00044983  
         0.0179516            0.9820019            0.0009672    0.98648674   0.00087747  -0.00029028  
         0.0188811            0.9834668            0.0009680    0.98815944   0.00087812  -0.00044972  
         0.0198106            0.9855873            0.0009690    0.99024094   0.00087907  -0.00081103  
         0.0207402            0.9886679            0.0009705    0.99361310   0.00088044  -0.00000912  
         0.0216697            0.9916084            0.0009720    0.99664089   0.00088175   0.00058516  
         0.0225992            0.9935811            0.0009729    0.99834275   0.00088262   0.00021555  
         0.0235287            0.9953827            0.0009738    0.99997116   0.00088342   0.00038069  
