        -0.0530330            1.0014208            0.0009153    1.00201125   0.00091252   0.00201032  
        -0.0521035            1.0019057            0.0009156    1.00237346   0.00091274   0.00237266  
        -0.0511739            1.0016454            0.0009154    1.00198126   0.00091263   0.00198085  
        -0.0502444            1.0000986            0.0009147    1.00032993   0.00091192   0.00032990  
        -0.0493149            0.9990263            0.0009142    0.99927251   0.00091143  -0.00072740  
        -0.0483854            0.9998073            0.0009146    0.99964775   0.00091179  -0.00035235  
        -0.0474558            1.0006999            0.0009150    0.99978004   0.00091220  -0.00022020  
        -0.0373148            0.9995982            0.0009145    0.99984368   0.00091169  -0.00015630  
        -0.0363852            1.0000000            0.0009147    1.00060520   0.00091188   0.00060491  
        -0.0354557            0.9974529            0.0009135    0.99839436   0.00091071  -0.00160433  
        -0.0345262            0.9988206            0.0009141    0.99975980   0.00091134  -0.00024000  
        -0.0335967            0.9978694            0.0009137    0.99848858   0.00091090  -0.00151068  
        -0.0326672            0.9990966            0.0009143    0.99946806   0.00091146  -0.00053181  
        -0.0317376            0.9985732            0.0009140    0.99910386   0.00091123  -0.00089578  
        -0.0308081            0.9990694            0.0009143    0.99942262   0.00091145  -0.00057725  
        -0.0298786            0.9992870            0.0009144    0.99917996   0.00091155  -0.00082023  
        -0.0195112            0.9889672            0.0009096    0.99014684   0.00090683  -0.00044180  
        -0.0185817            0.9857155            0.0009081    0.98729715   0.00090534  -0.00083332  
        -0.0176522            0.9841905            0.0009074    0.98539740   0.00090464  -0.00091247  
        -0.0167227            0.9841471            0.0009074    0.98542973   0.00090462   0.00016661  
        -0.0157931            0.9830926            0.0009069    0.98432425   0.00090413  -0.00011514  
        -0.0148636            0.9830267            0.0009069    0.98410485   0.00090410   0.00034961  
        -0.0139341            0.9815672            0.0009062    0.98242999   0.00090343  -0.00074089  
        -0.0130046            0.9818614            0.0009063    0.98251410   0.00090357  -0.00015260  
        -0.0120750            0.9821101            0.0009065    0.98217631   0.00090368  -0.00004985  
        -0.0017109            0.9786154            0.0009048    0.97988857   0.00090207  -0.00007744  
        -0.0007814            0.9780823            0.0009046    0.98033395   0.00090183   0.00039881  
         0.0001482            0.9784383            0.0009048    0.98046079   0.00090199   0.00053360  
         0.0010777            0.9780359            0.0009046    0.97923813   0.00090181  -0.00070296  
         0.0020072            0.9780109            0.0009046    0.97898962   0.00090179  -0.00099064  
         0.0029367            0.9791091            0.0009051    0.98048589   0.00090230   0.00044005  
         0.0038663            0.9788271            0.0009049    0.97980373   0.00090217  -0.00032974  
         0.0047958            0.9798585            0.0009054    0.98101914   0.00090265   0.00077056  
         0.0057253            0.9812905            0.0009061    0.98154430   0.00090331   0.00115547  
         0.0160925            0.9839734            0.0009073    0.98516529   0.00090454   0.00047765  
         0.0170221            0.9832073            0.0009070    0.98573905   0.00090419   0.00016988  
         0.0179516            0.9841613            0.0009074    0.98703643   0.00090463   0.00028471  
         0.0188811            0.9862197            0.0009084    0.98893582   0.00090557   0.00004481  
         0.0198106            0.9888512            0.0009096    0.99027175   0.00090678  -0.00114486  
         0.0207402            0.9920437            0.0009110    0.99338110   0.00090824  -0.00058195  
         0.0216697            0.9966112            0.0009131    0.99783851   0.00091033   0.00153631  
         0.0225992            0.9979476            0.0009137    0.99853400   0.00091094   0.00029632  
         0.0235287            1.0002302            0.0009148    1.00039518   0.00091198   0.00082066  
