        -0.0530330            1.0002090            0.0007499    1.00082649   0.00064576   0.00082838  
        -0.0521035            0.9995400            0.0007496    1.00019744   0.00064555   0.00019788  
        -0.0511739            0.9993116            0.0007495    0.99984014   0.00064547  -0.00016023  
        -0.0502444            0.9995546            0.0007496    0.99992206   0.00064555  -0.00007814  
        -0.0493149            1.0000526            0.0007498    1.00006411   0.00064571   0.00006430  
        -0.0483854            1.0007301            0.0007501    1.00068062   0.00064593   0.00068262  
        -0.0474558            0.9998141            0.0007497    0.99996011   0.00064564  -0.00004000  
        -0.0373148            0.9992432            0.0007495    0.99991643   0.00064545  -0.00008375  
        -0.0363852            1.0000000            0.0007498    1.00089070   0.00064570   0.00089249  
        -0.0354557            0.9974375            0.0007488    0.99867173   0.00064487  -0.00133047  
        -0.0345262            0.9979717            0.0007490    0.99939803   0.00064504  -0.00060286  
        -0.0335967            0.9983260            0.0007492    0.99982834   0.00064515  -0.00017190  
        -0.0326672            0.9987240            0.0007493    0.99985171   0.00064528  -0.00014855  
        -0.0317376            0.9996123            0.0007497    1.00055273   0.00064557   0.00055381  
        -0.0308081            0.9986184            0.0007493    0.99939615   0.00064525  -0.00060513  
        -0.0298786            0.9992692            0.0007495    1.00007416   0.00064546   0.00007431  
        -0.0195112            0.9901996            0.0007461    0.99167902   0.00064252   0.00107584  
        -0.0185817            0.9857149            0.0007444    0.98791879   0.00064107  -0.00033483  
        -0.0176522            0.9846462            0.0007440    0.98654241   0.00064072  -0.00014293  
        -0.0167227            0.9833519            0.0007435    0.98546136   0.00064030  -0.00036920  
        -0.0157931            0.9824660            0.0007432    0.98458551   0.00064001  -0.00057256  
        -0.0148636            0.9829427            0.0007434    0.98496076   0.00064016   0.00036296  
        -0.0139341            0.9823817            0.0007432    0.98406100   0.00063998  -0.00005887  
        -0.0130046            0.9814528            0.0007428    0.98277449   0.00063968  -0.00093214  
        -0.0120750            0.9813118            0.0007428    0.98271585   0.00063963  -0.00062795  
        -0.0017109            0.9787602            0.0007418    0.98085433   0.00063880  -0.00061606  
        -0.0007814            0.9783991            0.0007417    0.98089833   0.00063868  -0.00054494  
         0.0001482            0.9781751            0.0007416    0.98130419   0.00063861  -0.00013202  
         0.0010777            0.9790991            0.0007419    0.98177520   0.00063891   0.00032578  
         0.0020072            0.9800948            0.0007423    0.98256277   0.00063924   0.00108058  
         0.0029367            0.9787294            0.0007418    0.98137289   0.00063879  -0.00016286  
         0.0038663            0.9799083            0.0007422    0.98214080   0.00063918   0.00053152  
         0.0047958            0.9799387            0.0007422    0.98209963   0.00063919   0.00039510  
         0.0057253            0.9804779            0.0007425    0.98245840   0.00063936   0.00063685  
         0.0160925            0.9824066            0.0007432    0.98511930   0.00063999  -0.00024049  
         0.0170221            0.9829332            0.0007434    0.98631986   0.00064016   0.00023976  
         0.0179516            0.9832440            0.0007435    0.98710703   0.00064026   0.00007370  
         0.0188811            0.9860962            0.0007446    0.98988814   0.00064119   0.00091821  
         0.0198106            0.9876557            0.0007452    0.99070510   0.00064170  -0.00070936  
         0.0207402            0.9912750            0.0007465    0.99436491   0.00064287   0.00043068  
         0.0216697            0.9927701            0.0007471    0.99570352   0.00064336  -0.00057890  
         0.0225992            0.9956041            0.0007482    0.99804506   0.00064427  -0.00020672  
         0.0235287            0.9971881            0.0007488    0.99971470   0.00064479   0.00009910  
