        -0.0530330            1.0008825            0.0018064    1.00055812   0.00169768   0.00056037  
        -0.0521035            1.0000346            0.0018057    0.99991522   0.00169696  -0.00008510  
        -0.0511739            1.0003965            0.0018060    1.00020603   0.00169727   0.00020683  
        -0.0502444            1.0009560            0.0018065    1.00030257   0.00169774   0.00030389  
        -0.0493149            1.0009364            0.0018065    1.00029846   0.00169773   0.00029976  
        -0.0483854            1.0003500            0.0018059    0.99965341   0.00169723  -0.00034812  
        -0.0474558            1.0003107            0.0018059    1.00035180   0.00169720   0.00035310  
        -0.0373148            0.9987387            0.0018045    0.99813082   0.00169586  -0.00187727  
        -0.0363852            1.0000000            0.0018056    0.99960523   0.00169693  -0.00039640  
        -0.0354557            1.0006198            0.0018062    1.00079834   0.00169746   0.00080117  
        -0.0345262            0.9995941            0.0018053    1.00017446   0.00169659   0.00017501  
        -0.0335967            0.9995972            0.0018053    1.00029165   0.00169659   0.00029253  
        -0.0326672            0.9995579            0.0018052    1.00036317   0.00169656   0.00036422  
        -0.0317376            0.9992973            0.0018050    0.99980795   0.00169634  -0.00019267  
        -0.0308081            0.9989876            0.0018047    0.99911657   0.00169607  -0.00088660  
        -0.0298786            0.9990739            0.0018048    0.99997929   0.00169615  -0.00002077  
        -0.0195112            0.9917494            0.0017982    0.99131893   0.00168992   0.00146328  
        -0.0185817            0.9876776            0.0017945    0.98883126   0.00168645   0.00136404  
        -0.0176522            0.9852171            0.0017922    0.98594785   0.00168434  -0.00003331  
        -0.0167227            0.9831487            0.0017903    0.98409048   0.00168257  -0.00119133  
        -0.0157931            0.9835791            0.0017907    0.98454450   0.00168294  -0.00019955  
        -0.0148636            0.9828650            0.0017901    0.98399107   0.00168233  -0.00031808  
        -0.0139341            0.9824324            0.0017897    0.98343940   0.00168196  -0.00050492  
        -0.0130046            0.9818007            0.0017891    0.98306684   0.00168142  -0.00056561  
        -0.0120750            0.9816622            0.0017890    0.98313607   0.00168130  -0.00022635  
        -0.0017109            0.9811557            0.0017885    0.98166394   0.00168087  -0.00035843  
        -0.0007814            0.9795272            0.0017870    0.98110201   0.00167947  -0.00090254  
         0.0001482            0.9786178            0.0017862    0.98124396   0.00167869  -0.00075475  
         0.0010777            0.9794516            0.0017870    0.98125435   0.00167941  -0.00075413  
         0.0020072            0.9811594            0.0017885    0.98334797   0.00168087   0.00131992  
         0.0029367            0.9806377            0.0017881    0.98195205   0.00168042  -0.00011517  
         0.0038663            0.9810478            0.0017884    0.98300071   0.00168078   0.00088389  
         0.0047958            0.9811501            0.0017885    0.98265866   0.00168086   0.00047494  
         0.0057253            0.9808223            0.0017882    0.98299507   0.00168058   0.00072922  
         0.0160925            0.9843193            0.0017914    0.98491854   0.00168358   0.00001569  
         0.0170221            0.9849176            0.0017920    0.98663032   0.00168409   0.00115183  
         0.0179516            0.9844588            0.0017915    0.98679821   0.00168370   0.00052048  
         0.0188811            0.9838773            0.0017910    0.98697779   0.00168320  -0.00121335  
         0.0198106            0.9888177            0.0017955    0.99124568   0.00168742   0.00054717  
         0.0207402            0.9903688            0.0017969    0.99218459   0.00168874  -0.00115661  
         0.0216697            0.9941509            0.0018003    0.99613131   0.00169196   0.00028491  
         0.0225992            0.9957739            0.0018018    0.99862787   0.00169334   0.00063205  
         0.0235287            0.9957585            0.0018018    0.99891345   0.00169333  -0.00061995  
