        -0.0530330            1.0010037            0.0012303    0.99978013   0.00115177  -0.00022014  
        -0.0521035            1.0010218            0.0012303    0.99979142   0.00115178  -0.00020883  
        -0.0511739            1.0005611            0.0012300    0.99937760   0.00115152  -0.00062313  
        -0.0502444            1.0020888            0.0012309    1.00085476   0.00115240   0.00085580  
        -0.0493149            1.0011586            0.0012304    1.00056827   0.00115186   0.00056859  
        -0.0483854            1.0015852            0.0012306    1.00080823   0.00115211   0.00080885  
        -0.0474558            1.0014125            0.0012305    1.00026432   0.00115201   0.00026462  
        -0.0373148            1.0014279            0.0012305    1.00006263   0.00115202   0.00006272  
        -0.0363852            1.0000000            0.0012297    0.99962531   0.00115119  -0.00037482  
        -0.0354557            0.9993601            0.0012293    0.99930936   0.00115083  -0.00069066  
        -0.0345262            1.0001296            0.0012297    0.99998354   0.00115127  -0.00001646  
        -0.0335967            1.0006577            0.0012301    0.99994573   0.00115157  -0.00005431  
        -0.0326672            1.0012773            0.0012304    1.00094552   0.00115193   0.00094582  
        -0.0317376            1.0005420            0.0012300    1.00053920   0.00115151   0.00053920  
        -0.0308081            0.9988058            0.0012289    0.99893615   0.00115051  -0.00106370  
        -0.0298786            0.9988077            0.0012289    0.99897358   0.00115051  -0.00102623  
        -0.0195112            0.9894433            0.0012232    0.98947751   0.00114510  -0.00058010  
        -0.0185817            0.9885305            0.0012226    0.98836273   0.00114457   0.00063826  
        -0.0176522            0.9858058            0.0012209    0.98677785   0.00114299   0.00046339  
        -0.0167227            0.9850219            0.0012204    0.98596828   0.00114254   0.00033524  
        -0.0157931            0.9840579            0.0012198    0.98495184   0.00114198  -0.00015007  
        -0.0148636            0.9837350            0.0012196    0.98446314   0.00114179  -0.00019989  
        -0.0139341            0.9821799            0.0012187    0.98317450   0.00114089  -0.00111456  
        -0.0130046            0.9823918            0.0012188    0.98393376   0.00114101  -0.00003282  
        -0.0120750            0.9830627            0.0012192    0.98422656   0.00114140   0.00054025  
        -0.0017109            0.9813743            0.0012182    0.98226615   0.00114042   0.00001408  
        -0.0007814            0.9801294            0.0012174    0.98231182   0.00113970   0.00007939  
         0.0001482            0.9805758            0.0012177    0.98178914   0.00113996  -0.00043749  
         0.0010777            0.9802520            0.0012175    0.98210327   0.00113977  -0.00013345  
         0.0020072            0.9803387            0.0012175    0.98254505   0.00113982   0.00028303  
         0.0029367            0.9803831            0.0012175    0.98236479   0.00113985   0.00006307  
         0.0038663            0.9797744            0.0012172    0.98200952   0.00113949  -0.00034914  
         0.0047958            0.9798956            0.0012172    0.98236316   0.00113956  -0.00006649  
         0.0057253            0.9802719            0.0012175    0.98255886   0.00113978   0.00003750  
         0.0160925            0.9837451            0.0012196    0.98532008   0.00114180   0.00006081  
         0.0170221            0.9839408            0.0012197    0.98659068   0.00114191   0.00075926  
         0.0179516            0.9835484            0.0012195    0.98632102   0.00114169  -0.00027155  
         0.0188811            0.9852364            0.0012206    0.98856691   0.00114266   0.00014245  
         0.0198106            0.9877509            0.0012221    0.99155677   0.00114412   0.00067481  
         0.0207402            0.9891074            0.0012229    0.99253386   0.00114491  -0.00093258  
         0.0216697            0.9933244            0.0012255    0.99670281   0.00114735   0.00076556  
         0.0225992            0.9937070            0.0012258    0.99741746   0.00114757  -0.00062712  
         0.0235287            0.9964827            0.0012275    0.99983729   0.00114917   0.00028338  
