        -0.0530330            1.0024514            0.0012172    1.00093271   0.00120572   0.00093598  
        -0.0521035            1.0019822            0.0012169    1.00059771   0.00120544   0.00059972  
        -0.0511739            1.0001632            0.0012158    0.99862565   0.00120434  -0.00137919  
        -0.0502444            1.0008477            0.0012162    0.99890191   0.00120476  -0.00110241  
        -0.0493149            1.0035797            0.0012179    1.00142128   0.00120640   0.00142716  
        -0.0483854            1.0038124            0.0012180    1.00179176   0.00120654   0.00179893  
        -0.0474558            1.0006427            0.0012161    0.99972438   0.00120463  -0.00027642  
        -0.0373148            1.0007852            0.0012162    0.99913261   0.00120472  -0.00087055  
        -0.0363852            1.0000000            0.0012157    0.99885770   0.00120425  -0.00114587  
        -0.0354557            1.0002966            0.0012159    0.99957029   0.00120442  -0.00043087  
        -0.0345262            1.0010541            0.0012164    1.00055030   0.00120488   0.00055166  
        -0.0335967            1.0008337            0.0012162    1.00029679   0.00120475   0.00029754  
        -0.0326672            0.9993884            0.0012153    0.99871833   0.00120388  -0.00128507  
        -0.0317376            1.0007010            0.0012161    0.99961839   0.00120467  -0.00038278  
        -0.0308081            1.0006867            0.0012161    0.99946861   0.00120466  -0.00053309  
        -0.0298786            1.0002052            0.0012158    0.99975238   0.00120437  -0.00024822  
        -0.0195112            0.9911726            0.0012103    0.99007568   0.00119892   0.00009353  
        -0.0185817            0.9889167            0.0012090    0.98853656   0.00119755   0.00100329  
        -0.0176522            0.9866135            0.0012075    0.98674518   0.00119616   0.00088600  
        -0.0167227            0.9852488            0.0012067    0.98556190   0.00119533   0.00055444  
        -0.0157931            0.9850827            0.0012066    0.98532927   0.00119523   0.00098567  
        -0.0148636            0.9839087            0.0012059    0.98396218   0.00119452   0.00016669  
        -0.0139341            0.9843060            0.0012061    0.98411283   0.00119476   0.00078673  
        -0.0130046            0.9829238            0.0012053    0.98277802   0.00119392  -0.00014512  
        -0.0120750            0.9812315            0.0012042    0.98161830   0.00119289  -0.00095200  
        -0.0017109            0.9814116            0.0012044    0.98128332   0.00119300   0.00054499  
        -0.0007814            0.9788950            0.0012028    0.97930780   0.00119147  -0.00140785  
         0.0001482            0.9795780            0.0012032    0.98062201   0.00119189  -0.00008490  
         0.0010777            0.9791064            0.0012029    0.98047361   0.00119160  -0.00024620  
         0.0020072            0.9796877            0.0012033    0.98121227   0.00119195   0.00046071  
         0.0029367            0.9792411            0.0012030    0.98013066   0.00119168  -0.00067414  
         0.0038663            0.9787400            0.0012027    0.97963512   0.00119138  -0.00124243  
         0.0047958            0.9808976            0.0012040    0.98145852   0.00119269   0.00049006  
         0.0057253            0.9794187            0.0012031    0.98068280   0.00119179  -0.00040131  
         0.0160925            0.9849673            0.0012065    0.98563563   0.00119516   0.00109271  
         0.0170221            0.9829550            0.0012053    0.98402726   0.00119394  -0.00122956  
         0.0179516            0.9846897            0.0012064    0.98622602   0.00119499  -0.00000237  
         0.0188811            0.9870195            0.0012078    0.98908376   0.00119640   0.00080189  
         0.0198106            0.9889635            0.0012090    0.99132622   0.00119758   0.00050161  
         0.0207402            0.9897799            0.0012095    0.99174097   0.00119808  -0.00170875  
         0.0216697            0.9945531            0.0012124    0.99626982   0.00120096   0.00035635  
         0.0225992            0.9969232            0.0012138    0.99890497   0.00120239   0.00089745  
         0.0235287            0.9977076            0.0012143    1.00005121   0.00120286   0.00054801  
